1280
249.34033203125 208.4326171875 247.26171875
249.394775390625 181.973876953125 245.947509765625
249.081787109375 176.806640625 246.50927734375
251.822998046875 171.826171875 242.310546875
251.14013671875 169.273681640625 242.01513671875
246.76806640625 163.421630859375 246.104736328125
253.520751953125 158.441162109375 246.293212890625
253.01171875 152.091064453125 244.267822265625
250.883544921875 146.55029296875 244.18603515625
253.18017578125 141.756591796875 244.30908203125
251.7890625 137.7099609375 244.09521484375
253.236572265625 132.10693359375 242.449462890625
252.134765625 127.935791015625 243.4365234375
253.269287109375 121.959228515625 242.55908203125
253.250244140625 117.2900390625 240.51953125
250.86083984375 111.3134765625 236.850341796875
251.045166015625 106.70654296875 239.827880859375
253.32080078125 102.22412109375 241.935791015625
247.431640625 98.23974609375 244.9853515625
241.674072265625 76.138916015625 249.71728515625
244.235107421875 28.88671875 249.0869140625
242.19580078125 81.4306640625 250.6201171875
252.2880859375 76.636962890625 246.997314453125
253.336669921875 71.905517578125 246.181884765625
253.203857421875 89.461669921875 230.98974609375
234.76416015625 156.324462890625 213.949462890625
251.662841796875 56.092529296875 237.2978515625
253.77880859375 49.991455078125 243.64453125
253.672607421875 44.94873046875 243.011962890625
252.538330078125 38.349609375 234.176025390625
253.071044921875 32.933349609375 238.37890625
253.957763671875 0.435791015625 248.388916015625
253.856201171875 0.0 249.571533203125
254.904052734375 0.0 249.2119140625
254.90185546875 0.0 249.764404296875
248.469482421875 0.0 240.135986328125
253.735595703125 0.0 250.316162109375
254.29248046875 0.0 250.94677734375
254.9033203125 0.0 247.649169921875
241.998291015625 0.0 218.558837890625
252.8076171875 144.620361328125 235.32177734375
243.0654296875 115.484619140625 226.92138671875
236.401123046875 122.2705078125 230.80126953125
236.573486328125 128.433837890625 234.845458984375
233.112548828125 133.60107421875 233.4833984375
234.391845703125 140.07568359375 236.6015625
233.09033203125 145.05615234375 232.591064453125
238.006103515625 152.40234375 223.279541015625
227.813720703125 156.324462890625 234.420166015625
228.34716796875 162.1142578125 230.027099609375
232.77587890625 166.285400390625 240.12939453125
229.669677734375 171.390380859375 234.30029296875
235.01220703125 175.872802734375 233.64794921875
237.0205078125 58.39599609375 234.2763671875
253.173095703125 0.0 233.81494140625
250.94482421875 0.0 233.921142578125
251.644287109375 0.0 240.031494140625
245.908935546875 0.0 246.8447265625
243.9521484375 0.0 252.799560546875
246.95166015625 0.0 254.451904296875
248.439697265625 0.0 251.385986328125
242.43115234375 0.0 243.027099609375
248.91845703125 0.0 237.4560546875
250.698486328125 0.87158203125 231.272705078125
242.875732421875 117.352294921875 208.36376953125
245.708740234375 25.52490234375 233.99072265625
254.383056640625 0.0 251.944580078125
253.2568359375 0.0 251.068603515625
253.50439453125 0.0 248.746337890625
254.9970703125 0.0 252.18896484375
254.912353515625 0.0 250.74658203125
254.745361328125 0.0 252.5771484375
255.0 0.0 250.966552734375
254.99609375 0.0 253.4736328125
253.543212890625 0.0 252.183349609375
250.12451171875 0.0 241.814453125
251.009765625 0.0 245.4033203125
252.92919921875 0.0 245.744384765625
254.690673828125 0.0 235.460205078125
239.05322265625 0.0 216.489013671875
254.23828125 188.5107421875 235.511474609375
249.161376953125 186.0205078125 229.923828125
250.42626953125 180.791015625 229.091796875
248.952880859375 174.68994140625 236.682373046875
250.804931640625 169.0869140625 237.14111328125
251.07177734375 162.550048828125 239.160888671875
251.80126953125 157.00927734375 234.0498046875
251.28125 150.78369140625 237.94873046875
249.86083984375 145.367431640625 234.0869140625
249.30712890625 140.013427734375 232.27880859375
249.53369140625 133.85009765625 240.859375
250.24951171875 128.558349609375 234.64208984375
251.31640625 123.14208984375 238.78466796875
252.7314453125 39.034423828125 241.2294921875
254.0244140625 0.0 238.59033203125
243.041015625 0.0 243.23583984375
242.966796875 0.0 252.669921875
246.992919921875 0.0 253.119140625
242.645263671875 0.0 252.416015625
245.2998046875 0.0 247.397705078125
236.9755859375 15.501708984375 235.91943359375
237.454345703125 0.0 240.264404296875
231.189453125 94.00634765625 215.447021484375
224.837158203125 162.861328125 207.286376953125
239.455810546875 15.128173828125 233.370361328125
253.859130859375 0.0 245.88232421875
254.87841796875 0.0 254.1435546875
253.834228515625 0.0 252.271240234375
253.62451171875 0.0 251.956298828125
254.9921875 0.0 252.62353515625
254.98291015625 0.0 253.827392578125
254.2978515625 0.0 251.631591796875
253.444091796875 0.0 251.363525390625
253.8125 0.0 249.397216796875
252.718994140625 0.0 253.55859375
249.746337890625 0.0 246.528564453125
239.510009765625 0.0 241.8427734375
242.52490234375 0.0 252.311767578125
224.114501953125 0.0 231.932373046875
212.91796875 0.0 213.72705078125
254.071044921875 89.02587890625 243.485595703125
253.181396484375 35.361328125 223.533203125
245.7646484375 19.112548828125 236.67138671875
252.597412109375 0.0 238.679443359375
250.768798828125 0.0 240.85693359375
252.927001953125 0.0 241.67333984375
252.06591796875 0.0 232.09912109375
250.60009765625 0.0 240.7001953125
254.45849609375 0.0 239.444091796875
253.932373046875 0.0 236.903076171875
253.464111328125 0.0 238.283935546875
253.314697265625 0.0 243.55810546875
254.997314453125 0.0 247.015869140625
252.25634765625 0.0 247.332763671875
244.39599609375 0.0 251.68310546875
244.367431640625 0.0 254.9580078125
246.79052734375 0.0 252.631103515625
244.326904296875 0.0 242.909423828125
241.69384765625 0.0 241.521240234375
236.2431640625 0.0 243.82177734375
241.891845703125 0.0 245.221435546875
239.89892578125 11.766357421875 236.782470703125
219.787841796875 165.289306640625 214.600830078125
240.897705078125 0.0 244.664794921875
242.59619140625 0.0 246.250732421875
247.020263671875 0.0 250.520263671875
249.9130859375 0.0 249.30322265625
254.0478515625 0.0 251.53271484375
254.5263671875 0.0 251.906494140625
253.663818359375 0.0 249.2138671875
253.462158203125 0.0 244.87744140625
254.238037109375 0.0 250.520263671875
253.488037109375 0.0 249.05322265625
252.591064453125 0.0 249.162841796875
242.25244140625 0.0 252.437255859375
229.005126953125 0.0 246.298828125
228.8095703125 0.0 233.4072265625
219.5546875 0.0 247.4189453125
229.14453125 0.0 238.03369140625
204.268310546875 0.0 207.750244140625
252.158203125 93.944091796875 235.01513671875
247.889892578125 45.44677734375 212.653076171875
245.09521484375 9.83642578125 227.749267578125
245.308349609375 31.065673828125 221.62353515625
245.14404296875 0.0 238.348876953125
252.254150390625 0.0 235.869140625
252.76171875 0.0 241.414306640625
254.97998046875 0.0 247.3515625
254.982421875 21.602783203125 243.751220703125
253.240478515625 0.0 247.529052734375
254.9658203125 0.0 248.53173828125
254.94873046875 27.952880859375 250.28076171875
250.396240234375 0.0 251.384521484375
244.67724609375 0.0 251.37158203125
245.380615234375 0.0 252.30126953125
244.762451171875 0.0 248.49658203125
235.8955078125 0.0 237.839599609375
241.82421875 0.0 239.046142578125
246.11767578125 0.0 247.158203125
247.2099609375 0.0 252.03173828125
244.060791015625 0.0 248.542724609375
232.264892578125 4.669189453125 239.011474609375
221.016357421875 147.29736328125 215.22802734375
238.735595703125 0.0 246.0751953125
244.806640625 0.0 248.1513671875
241.541748046875 0.0 249.218505859375
248.03173828125 0.0 251.64697265625
254.8271484375 0.0 251.64501953125
253.371826171875 0.0 246.293701171875
254.45703125 0.0 250.666748046875
253.176025390625 0.0 244.663330078125
254.3935546875 0.0 248.714111328125
252.741943359375 0.0 245.9921875
237.16796875 0.0 247.585693359375
244.0419921875 0.0 252.98876953125
235.661376953125 0.0 246.44287109375
216.427734375 0.0 229.3564453125
242.426025390625 0.0 249.7041015625
210.656005859375 0.0 219.100830078125
161.324951171875 0.0 189.700439453125
254.041748046875 94.00634765625 242.792724609375
250.5419921875 0.933837890625 232.035400390625
250.145751953125 23.594970703125 214.619873046875
246.089111328125 10.770263671875 227.151611328125
251.168701171875 0.0 236.51904296875
252.500732421875 0.0 238.958251953125
251.8525390625 0.0 239.63671875
249.4150390625 0.0 239.63916015625
247.677001953125 0.0 238.710693359375
248.50390625 0.0 239.22119140625
245.992431640625 0.0 245.384521484375
247.876220703125 8.404541015625 242.8935546875
239.449462890625 0.0 244.15625
238.71484375 0.0 236.79736328125
234.56591796875 0.0 236.637451171875
234.36669921875 0.0 237.772216796875
238.935791015625 0.684814453125 238.09033203125
238.14208984375 28.76220703125 243.248046875
245.473876953125 4.295654296875 251.994140625
243.149169921875 0.0 251.835693359375
232.4501953125 0.0 235.08984375
231.421142578125 0.0 231.43408203125
229.31591796875 13.07373046875 220.104736328125
209.416748046875 0.0 221.10205078125
227.417724609375 0.0 224.94482421875
230.577880859375 0.0 223.344482421875
249.0654296875 0.0 235.491455078125
252.0166015625 0.0 240.9169921875
250.287109375 0.0 235.760009765625
248.941162109375 0.0 230.858642578125
250.5478515625 0.0 238.087646484375
249.7666015625 0.0 238.09228515625
235.1220703125 0.0 237.826171875
232.938232421875 0.0 240.615478515625
237.583740234375 0.0 246.8994140625
236.94775390625 0.0 244.85693359375
220.926025390625 0.0 230.56982421875
206.3349609375 0.0 223.0263671875
203.398193359375 0.0 212.407470703125
210.142822265625 0.0 214.138671875
253.7861328125 85.352783203125 240.323486328125
247.575439453125 0.0 241.671142578125
241.028564453125 0.0 229.485107421875
241.043701171875 0.0 239.9970703125
253.118896484375 10.08544921875 243.574462890625
251.662353515625 4.793701171875 242.58447265625
243.466064453125 0.0 243.48583984375
245.767822265625 0.0 243.95166015625
244.232177734375 0.0 243.99658203125
245.054443359375 0.0 246.201904296875
245.97998046875 0.0 238.822265625
246.6669921875 0.0 241.14697265625
241.688232421875 0.0 243.191650390625
244.556396484375 0.0 242.246337890625
244.241455078125 0.0 244.98046875
248.12255859375 0.0 245.4091796875
244.87939453125 18.30322265625 251.576171875
247.470458984375 10.95703125 250.11376953125
238.09765625 0.0 246.25732421875
236.911865234375 0.0 245.802490234375
236.37548828125 28.1396484375 245.360107421875
241.8896484375 11.33056640625 250.64208984375
243.439453125 0.0 244.971435546875
239.108154296875 0.0 248.960205078125
247.775390625 0.0 245.57958984375
242.86328125 0.0 239.645263671875
236.583251953125 0.0 231.61376953125
237.54248046875 0.0 226.82080078125
247.07421875 0.0 238.390625
251.896484375 0.0 247.7744140625
252.723388671875 0.0 251.474853515625
250.80712890625 0.0 250.47802734375
240.4375 0.0 246.364501953125
233.86572265625 0.0 249.3388671875
234.61669921875 0.0 248.54443359375
225.560546875 0.0 236.03125
196.8681640625 0.0 231.003662109375
206.16259765625 0.0 223.26318359375
239.171142578125 0.0 220.374267578125
195.14306640625 0.0 201.39501953125
253.60400390625 83.671875 246.159912109375
247.0224609375 0.0 242.35791015625
244.127197265625 0.0 234.004638671875
239.650146484375 0.0 233.3857421875
241.46533203125 73.026123046875 224.7724609375
235.787109375 37.291259765625 236.227783203125
245.825927734375 35.050048828125 233.72314453125
238.46875 2.303466796875 239.146240234375
241.26171875 0.0 240.158447265625
239.181884765625 0.0 240.417724609375
240.810791015625 0.0 240.695068359375
237.954345703125 18.614501953125 246.14501953125
245.4794921875 2.86376953125 248.411376953125
251.045654296875 0.0 248.7861328125
247.324951171875 17.05810546875 246.704833984375
250.87451171875 0.0 252.85107421875
247.30029296875 13.011474609375 246.709228515625
246.349853515625 0.0 250.5830078125
242.36181640625 0.0 250.11328125
245.845458984375 0.0 252.972412109375
246.896484375 4.669189453125 248.00439453125
247.2431640625 0.0 249.7880859375
242.0458984375 0.0 245.0927734375
243.7626953125 0.0 249.604736328125
244.7998046875 10.521240234375 248.409912109375
244.459716796875 3.61083984375 248.542236328125
245.074462890625 0.0 244.072265625
241.76513671875 0.0 241.247314453125
235.5146484375 0.0 236.800537109375
250.008056640625 0.0 242.905029296875
254.460205078125 0.0 253.480224609375
245.058349609375 0.0 249.641845703125
241.812255859375 0.0 248.0205078125
243.627685546875 8.7158203125 246.84228515625
235.802734375 0.0 240.945068359375
211.154052734375 0.0 242.386474609375
235.867431640625 0.0 249.925537109375
229.831298828125 0.0 244.87451171875
220.19970703125 0.0 210.504150390625
190.268798828125 0.0 193.23681640625
253.733154296875 83.671875 244.475341796875
242.05615234375 39.0966796875 235.364013671875
239.955078125 16.248779296875 233.5517578125
238.903564453125 16.497802734375 235.489013671875
238.2841796875 38.536376953125 235.431640625
238.21923828125 103.22021484375 228.136474609375
237.382568359375 0.0 238.39013671875
240.4453125 18.30322265625 235.881591796875
242.92138671875 0.0 245.170166015625
245.196044921875 0.0 246.269287109375
249.3623046875 0.0 246.897216796875
250.675048828125 0.0 247.50146484375
250.01025390625 26.1474609375 243.828125
246.630615234375 20.91796875 249.572509765625
247.08203125 13.883056640625 249.874755859375
245.641845703125 0.0 250.41943359375
244.54052734375 0.0 250.085693359375
242.3701171875 0.0 249.99853515625
246.34130859375 0.0 250.284912109375
243.41748046875 0.0 245.876220703125
247.73828125 0.0 248.266357421875
244.65576171875 14.630126953125 245.451416015625
243.365966796875 0.435791015625 250.62158203125
237.635986328125 33.306884765625 239.085693359375
238.842041015625 2.303466796875 244.974365234375
238.219970703125 0.87158203125 245.5986328125
247.691650390625 0.0 249.336181640625
243.538818359375 0.0 249.89697265625
247.439208984375 0.0 251.637451171875
236.16748046875 0.0 233.175537109375
245.97900390625 0.0 244.30029296875
245.361083984375 0.0 248.769775390625
214.197265625 0.0 245.766845703125
238.964111328125 2.61474609375 250.19482421875
203.19189453125 0.0 230.87255859375
233.123291015625 0.0 241.196044921875
245.533447265625 0.0 250.736083984375
244.58642578125 40.404052734375 247.322509765625
216.794677734375 0.0 211.6689453125
206.809326171875 0.0 190.68994140625
251.897705078125 116.044921875 232.864990234375
241.521484375 147.421875 210.878662109375
235.798828125 0.498046875 232.339599609375
240.289306640625 0.0 224.830078125
229.87548828125 8.96484375 239.679931640625
243.636474609375 16.435546875 243.185546875
249.282958984375 0.0 243.16357421875
248.83837890625 0.0 243.848388671875
242.16650390625 0.0 245.55078125
250.036376953125 0.0 246.9501953125
252.002685546875 0.0 247.600341796875
251.569580078125 0.0 248.51318359375
250.763916015625 35.423583984375 249.6806640625
245.582763671875 0.0 251.590576171875
245.35205078125 0.0 246.575439453125
247.62890625 0.0 247.530029296875
245.60986328125 0.0 251.4228515625
248.88427734375 0.0 248.1748046875
247.17236328125 0.0 251.60400390625
245.550537109375 0.0 244.747802734375
244.9208984375 0.0 242.62353515625
241.632568359375 23.6572265625 240.35595703125
239.484130859375 71.4697265625 229.707275390625
239.661865234375 16.56005859375 247.44580078125
245.3818359375 0.0 249.423583984375
238.59814453125 0.0 250.16650390625
235.978271484375 11.890869140625 245.686279296875
243.32666015625 27.703857421875 247.10009765625
240.134765625 0.0 249.489013671875
223.546875 0.0 244.02783203125
192.926025390625 0.0 229.028564453125
199.51171875 0.0 229.51611328125
197.484375 0.0 230.951904296875
199.471923828125 0.0 231.21728515625
185.375732421875 0.0 234.370361328125
200.876708984375 0.0 227.264404296875
228.478515625 0.0 240.369873046875
241.968017578125 0.0 230.056884765625
215.972412109375 0.0 216.6435546875
194.021728515625 0.0 179.161865234375
252.927978515625 88.77685546875 214.3828125
237.313232421875 28.76220703125 228.642578125
240.346923828125 0.0 225.5419921875
242.761962890625 0.0 226.97705078125
241.633544921875 0.0 242.802001953125
247.386474609375 0.0 241.09912109375
247.93603515625 0.0 246.562744140625
252.681396484375 0.0 246.9267578125
250.116943359375 0.0 243.495849609375
248.771728515625 0.0 247.095703125
250.606201171875 0.0 243.63037109375
248.895263671875 0.0 247.4609375
246.4072265625 13.260498046875 245.452880859375
245.176025390625 0.0 247.440185546875
245.2529296875 0.0 245.883544921875
247.534423828125 0.0 246.464111328125
249.06494140625 0.0 250.4072265625
248.697265625 0.0 247.12939453125
249.422119140625 0.0 245.502685546875
249.319580078125 0.0 243.986328125
235.125244140625 0.0 233.93310546875
235.5927734375 0.0 244.35986328125
241.31396484375 0.0 243.267578125
245.461181640625 0.0 241.16748046875
241.7958984375 0.0 248.348388671875
245.541015625 0.0 252.106201171875
245.9248046875 0.0 254.31982421875
236.94140625 12.07763671875 251.711669921875
237.843017578125 0.0 249.26025390625
230.5986328125 31.812744140625 250.119140625
240.274169921875 30.567626953125 252.416259765625
213.680908203125 0.0 248.680908203125
216.6943359375 0.0 249.859130859375
225.8427734375 44.761962890625 248.80322265625
234.3544921875 20.357666015625 245.651123046875
227.92236328125 40.279541015625 248.290283203125
207.97509765625 0.0 226.072998046875
204.08837890625 0.0 221.254638671875
192.584716796875 0.0 197.021240234375
163.951171875 0.0 165.34619140625
253.205322265625 83.04931640625 235.84765625
249.427490234375 0.0 235.582275390625
244.3125 0.0 240.740234375
249.591552734375 80.621337890625 193.5947265625
233.572021484375 0.0 217.454345703125
235.4091796875 0.0 245.242431640625
250.625732421875 0.0 245.257568359375
253.155029296875 0.0 244.987060546875
251.537109375 0.0 243.18017578125
245.875 0.0 242.7861328125
246.637451171875 0.0 242.439453125
246.884521484375 0.0 241.32177734375
250.342041015625 0.0 243.076904296875
246.36669921875 0.0 242.264892578125
248.96533203125 0.0 248.585205078125
250.4462890625 0.0 246.08544921875
249.87255859375 0.0 245.96533203125
246.802001953125 0.0 242.986328125
244.3759765625 0.0 241.17919921875
239.656494140625 0.0 246.920654296875
237.06396484375 0.0 250.029052734375
242.73974609375 0.0 243.08349609375
242.919921875 0.0 248.234619140625
247.5478515625 0.0 251.015869140625
249.147705078125 31.00341796875 253.935546875
246.05615234375 0.0 254.752197265625
244.995361328125 0.0 244.825927734375
243.439697265625 19.486083984375 248.45068359375
246.147216796875 0.0 252.3896484375
241.50146484375 19.859619140625 251.301513671875
234.739013671875 5.914306640625 253.056640625
243.97021484375 43.20556640625 253.018798828125
229.400390625 0.0 240.951904296875
220.999755859375 20.6689453125 240.151611328125
235.058837890625 9.774169921875 251.5
231.968994140625 7.2216796875 252.28173828125
233.8212890625 19.6728515625 244.373046875
235.267822265625 24.964599609375 232.66845703125
175.01708984375 0.0 196.122802734375
152.617919921875 0.0 184.748291015625
253.202880859375 83.111572265625 244.221435546875
253.56982421875 0.0 236.42724609375
244.309814453125 0.0 239.01806640625
251.964599609375 27.330322265625 212.178955078125
245.198974609375 0.0 228.797607421875
246.294189453125 0.0 242.416015625
252.104248046875 0.0 242.791748046875
253.007080078125 3.486328125 239.520263671875
253.31396484375 10.7080078125 233.31787109375
252.02734375 0.186767578125 244.28076171875
249.3544921875 131.85791015625 217.424072265625
246.682861328125 107.640380859375 217.494873046875
247.162841796875 5.60302734375 240.9912109375
246.3095703125 0.0 246.98583984375
252.260498046875 0.0 248.782958984375
250.73095703125 0.0 247.281982421875
245.7275390625 0.0 238.22900390625
236.552490234375 15.81298828125 241.163818359375
242.999755859375 0.0 250.104248046875
249.214599609375 0.0 250.231689453125
248.055908203125 0.0 243.7265625
239.939697265625 0.0 243.0546875
247.78369140625 0.0 250.0625
250.3681640625 0.0 250.428955078125
248.064208984375 0.0 252.298828125
247.6103515625 13.82080078125 245.37841796875
240.3466796875 0.0 247.7666015625
246.506591796875 0.0 254.845703125
243.044677734375 0.0 253.70556640625
238.623291015625 0.0 252.1396484375
246.250244140625 0.0 250.59033203125
236.7255859375 0.0 240.179443359375
219.696044921875 0.0 246.314208984375
228.231201171875 0.0 254.658447265625
242.494873046875 10.521240234375 250.413818359375
227.1455078125 0.0 240.3984375
213.582275390625 23.78173828125 243.68017578125
221.5634765625 42.894287109375 245.401123046875
190.392822265625 0.0 205.623779296875
170.23388671875 0.0 175.2705078125
253.80517578125 83.29833984375 245.4560546875
254.30908203125 0.0 243.88427734375
246.772705078125 0.0 236.493408203125
249.404296875 0.0 237.691162109375
245.16015625 0.0 237.36083984375
236.010009765625 0.0 230.51171875
237.65673828125 0.0 231.775390625
246.503173828125 37.415771484375 233.968017578125
242.86181640625 74.33349609375 222.90087890625
245.579833984375 72.83935546875 230.5576171875
248.010009765625 255.0 187.7861328125
245.8681640625 253.13232421875 193.599365234375
242.17822265625 55.15869140625 232.38525390625
250.65625 0.0 248.219482421875
248.8876953125 0.0 247.367431640625
246.565673828125 0.0 236.921630859375
239.016845703125 0.0 247.4443359375
246.01123046875 0.0 245.861572265625
245.847900390625 27.51708984375 244.177734375
238.755859375 151.904296875 220.211669921875
237.880126953125 15.377197265625 238.168212890625
242.52734375 0.0 241.64404296875
246.6845703125 0.0 245.478271484375
246.275390625 0.0 243.693603515625
242.80615234375 16.871337890625 241.40087890625
243.744873046875 6.10107421875 252.706298828125
242.731689453125 0.0 253.050048828125
245.98486328125 0.0 253.49365234375
244.08154296875 0.0 246.96875
239.1435546875 0.0 246.865234375
225.2939453125 0.0 249.677001953125
217.711669921875 0.0 250.76171875
229.8525390625 0.0 248.409423828125
243.2529296875 0.0 245.14208984375
221.447509765625 16.31103515625 243.736328125
212.986328125 14.007568359375 251.953369140625
228.47265625 11.33056640625 248.84228515625
234.3818359375 0.0 240.271240234375
187.5400390625 0.0 199.477783203125
177.6767578125 0.0 182.809814453125
254.14501953125 83.609619140625 247.038818359375
254.87109375 0.0 245.06884765625
254.58740234375 0.0 240.06884765625
244.9853515625 0.0 238.155517578125
247.443603515625 94.068603515625 209.3505859375
242.843017578125 8.7158203125 225.27392578125
248.031005859375 0.0 246.24267578125
252.759033203125 0.0 246.811279296875
252.513671875 0.0 246.772705078125
250.696044921875 117.91259765625 219.84912109375
246.67626953125 255.0 190.183349609375
246.840087890625 218.642578125 201.71142578125
242.85302734375 61.88232421875 229.271240234375
241.458984375 0.0 240.915771484375
239.70166015625 0.0 240.300048828125
244.079345703125 0.0 247.3388671875
249.89599609375 0.0 243.55615234375
247.68701171875 0.0 240.59912109375
250.572021484375 0.0 243.807861328125
246.93408203125 7.34619140625 241.477783203125
243.140625 2.427978515625 241.54638671875
240.02001953125 0.498046875 235.10009765625
239.4140625 0.0 235.322998046875
239.22607421875 0.0 239.427978515625
242.065673828125 36.419677734375 241.18798828125
245.372314453125 5.9765625 244.57373046875
241.61865234375 0.0 245.28173828125
246.19921875 0.0 247.773193359375
241.33056640625 0.0 246.7607421875
212.88037109375 0.0 246.97216796875
229.78466796875 0.0 248.237060546875
232.64306640625 21.353759765625 245.096435546875
232.997314453125 8.404541015625 250.072998046875
223.680908203125 0.0 248.705322265625
230.1767578125 6.038818359375 252.922607421875
235.84033203125 79.81201171875 246.90283203125
238.919921875 6.474609375 251.417724609375
219.7490234375 14.56787109375 227.814697265625
184.513916015625 0.0 215.177490234375
199.73828125 0.0 181.693359375
254.044189453125 83.671875 248.58056640625
254.80615234375 0.0 246.451904296875
254.739990234375 0.0 244.37353515625
245.63720703125 0.0 239.873046875
244.896484375 88.963623046875 224.17919921875
246.375244140625 15.439453125 229.070068359375
243.005126953125 0.0 246.211669921875
252.93896484375 0.0 246.716064453125
252.136962890625 0.0 247.080810546875
252.209228515625 17.120361328125 244.78173828125
249.01220703125 197.288818359375 209.94921875
243.0576171875 208.370361328125 197.5458984375
237.160400390625 0.0 231.813232421875
241.209716796875 0.0 232.32373046875
241.873046875 0.0 235.78662109375
245.655029296875 0.0 239.13330078125
243.003662109375 0.0 249.295166015625
244.742431640625 0.0 247.858642578125
238.65966796875 0.0 248.898193359375
245.044677734375 0.186767578125 250.13037109375
243.2861328125 38.411865234375 239.640380859375
232.820556640625 4.295654296875 248.404541015625
240.95751953125 0.0 250.305908203125
238.6904296875 19.1748046875 246.957275390625
243.111572265625 0.0 254.616943359375
235.025390625 0.0 252.471435546875
238.035400390625 9.898681640625 249.051513671875
242.2177734375 0.0 252.653076171875
222.0869140625 0.0 251.775634765625
226.254150390625 0.0 254.726318359375
244.33251953125 0.0 252.36865234375
242.2578125 0.0 247.00927734375
225.6611328125 4.544677734375 250.019287109375
236.865478515625 22.598876953125 252.3515625
236.97412109375 30.1318359375 248.695556640625
233.163818359375 19.423828125 234.73583984375
235.811279296875 17.244873046875 235.858154296875
213.56298828125 0.0 219.577392578125
187.528076171875 0.0 215.548095703125
173.582275390625 0.0 173.71728515625
254.078125 83.671875 248.59765625
254.853759765625 0.0 248.348388671875
254.755126953125 0.0 245.60498046875
251.902587890625 0.0 240.572265625
249.126708984375 0.0 246.480712890625
249.330810546875 0.0 238.537841796875
246.501953125 0.0 239.3115234375
251.63330078125 0.0 243.7138671875
250.246337890625 0.0 244.3935546875
251.336669921875 20.108642578125 241.998046875
249.8271484375 20.29541015625 239.775634765625
248.6220703125 90.52001953125 216.362060546875
235.612060546875 56.217041015625 215.005126953125
236.992919921875 39.781494140625 241.177001953125
240.20751953125 0.0 248.302978515625
245.48193359375 0.0 246.466796875
246.630615234375 10.645751953125 247.285888671875
247.595947265625 70.4736328125 251.549560546875
251.8486328125 0.0 243.7568359375
248.44287109375 15.626220703125 240.10986328125
237.34375 67.85888671875 235.388916015625
250.359375 0.0 248.71435546875
252.501708984375 50.738525390625 249.52978515625
249.074462890625 0.0 253.1875
248.58056640625 0.0 254.742919921875
250.94921875 0.0 253.052734375
248.383056640625 10.023193359375 251.761962890625
245.471923828125 0.0 253.0712890625
243.055908203125 0.0 250.04931640625
239.69091796875 0.0 253.69873046875
243.657958984375 16.6845703125 245.924072265625
228.31591796875 0.0 249.06396484375
237.47705078125 0.0 254.10107421875
243.878662109375 95.99853515625 248.723876953125
239.534912109375 87.4072265625 245.117919921875
230.792236328125 35.423583984375 245.258544921875
234.406982421875 0.0 231.37890625
201.233154296875 0.0 219.8486328125
190.107421875 0.0 212.93212890625
174.82421875 0.0 178.907470703125
254.143798828125 83.671875 247.556884765625
254.915771484375 0.0 247.25
254.81103515625 0.0 245.5556640625
254.946533203125 0.0 243.22607421875
245.940673828125 0.0 241.250732421875
252.278076171875 0.0 243.887451171875
245.495361328125 0.0 241.65185546875
251.52880859375 0.0 246.161376953125
252.833740234375 0.0 237.886474609375
244.848876953125 19.423828125 233.001953125
241.587890625 0.0 242.379638671875
242.8359375 162.1142578125 213.963134765625
248.35693359375 146.861572265625 206.14111328125
244.362548828125 0.0 243.401611328125
252.989013671875 0.0 245.442626953125
246.765625 28.824462890625 247.841064453125
246.013916015625 21.9140625 251.61328125
247.15869140625 49.742431640625 242.058837890625
247.014404296875 46.19384765625 239.456298828125
246.1357421875 0.0 246.463623046875
245.762451171875 20.606689453125 251.595458984375
249.596923828125 60.0146484375 252.876953125
246.246826171875 21.602783203125 252.93505859375
244.382568359375 3.797607421875 245.406982421875
249.330322265625 51.17431640625 239.85546875
239.68505859375 100.418701171875 231.140869140625
244.2626953125 11.455078125 251.943603515625
239.078125 0.0 251.827880859375
245.3427734375 33.1201171875 248.3642578125
243.4755859375 51.796875 241.060302734375
218.43505859375 73.58642578125 241.48095703125
245.488037109375 0.0 252.266357421875
234.240234375 0.0 250.1337890625
232.09716796875 2.926025390625 246.884765625
227.132568359375 0.0 244.8095703125
229.123779296875 0.0 237.12890625
218.63916015625 13.011474609375 231.03515625
204.491943359375 0.0 235.581787109375
203.634765625 0.0 209.123291015625
191.50341796875 0.0 173.025390625
253.937255859375 83.671875 247.669677734375
254.717041015625 0.0 237.790771484375
254.903076171875 0.0 232.973388671875
254.868408203125 0.0 232.906494140625
247.0556640625 0.0 228.890625
240.54833984375 1.9921875 235.306640625
235.786376953125 23.221435546875 224.917236328125
242.317138671875 0.0 226.71435546875
243.636474609375 8.902587890625 242.50732421875
249.574951171875 2.677001953125 241.142333984375
248.63134765625 0.0 237.1201171875
250.539794921875 36.48193359375 230.753173828125
247.728515625 44.139404296875 231.994384765625
243.95068359375 0.0 246.6142578125
244.1005859375 0.0 246.281982421875
243.12890625 11.953125 244.464111328125
246.65673828125 27.828369140625 243.763671875
238.3720703125 23.28369140625 242.396728515625
238.720947265625 19.05029296875 246.993408203125
249.042236328125 72.71484375 250.7880859375
253.1162109375 6.84814453125 249.24609375
249.653564453125 0.0 245.461181640625
248.758544921875 24.840087890625 246.2939453125
234.35009765625 131.048583984375 234.36962890625
232.286865234375 35.98388671875 247.098876953125
237.689453125 0.0 254.421875
239.291015625 0.0 251.9189453125
241.644775390625 29.571533203125 242.27392578125
234.205810546875 85.166015625 234.233642578125
225.3740234375 26.89453125 253.028076171875
235.285400390625 35.174560546875 249.552490234375
237.6982421875 72.83935546875 253.37841796875
241.927001953125 62.75390625 252.317626953125
235.0419921875 19.486083984375 236.80126953125
237.893798828125 12.762451171875 230.772216796875
220.306396484375 0.0 238.08203125
228.680908203125 71.71875 252.31005859375
222.5283203125 0.0 235.79345703125
206.290283203125 0.0 209.8916015625
173.527587890625 0.0 170.70263671875
249.886474609375 82.9248046875 238.67041015625
250.17138671875 0.0 234.93603515625
247.452880859375 0.0 236.874267578125
248.718505859375 0.0 246.072998046875
249.386962890625 0.0 243.726806640625
238.8701171875 0.0 246.366455078125
237.617431640625 19.54833984375 241.178955078125
238.420654296875 0.0 243.508056640625
247.173828125 1.61865234375 239.33935546875
244.80908203125 17.991943359375 239.54150390625
244.55517578125 0.0 241.10498046875
244.522216796875 0.0 240.319091796875
248.9228515625 0.0 242.92236328125
251.484619140625 0.0 243.27783203125
252.90185546875 0.0 240.29931640625
250.157958984375 0.0 237.594482421875
245.44970703125 37.8515625 241.849853515625
249.070556640625 0.0 248.951904296875
248.31591796875 42.5830078125 248.98388671875
245.304931640625 56.279296875 251.09619140625
243.108642578125 101.47705078125 252.0771484375
240.361328125 24.77783203125 254.728759765625
239.850341796875 119.967041015625 239.2763671875
235.597412109375 178.612060546875 232.8681640625
231.3759765625 58.458251953125 254.8505859375
247.09521484375 3.299560546875 252.734130859375
244.512451171875 63.189697265625 244.212890625
228.07861328125 56.0302734375 247.759765625
232.32861328125 0.0 254.20556640625
238.277099609375 13.758544921875 251.489990234375
237.30517578125 35.73486328125 249.170166015625
231.15478515625 29.75830078125 245.556640625
237.48876953125 16.31103515625 241.0771484375
214.110595703125 0.435791015625 231.187744140625
206.212158203125 73.83544921875 248.857177734375
225.73193359375 19.984130859375 252.854248046875
235.5498046875 21.04248046875 252.50244140625
217.94921875 0.0 231.373046875
188.35888671875 0.0 218.54736328125
180.552490234375 0.0 172.61572265625
253.983154296875 83.671875 248.28369140625
254.93212890625 0.0 246.517333984375
254.7568359375 0.0 245.2412109375
254.95849609375 0.0 245.31640625
254.94970703125 0.0 246.391357421875
246.445068359375 0.0 241.908935546875
250.379638671875 0.0 244.5703125
243.814453125 0.0 236.3896484375
250.940185546875 0.0 246.2685546875
246.968505859375 45.509033203125 239.80517578125
251.795166015625 0.0 247.671630859375
245.3818359375 13.6962890625 242.401123046875
244.858154296875 2.054443359375 245.822998046875
247.6328125 0.0 249.044921875
247.370849609375 3.922119140625 249.416259765625
245.756103515625 75.765380859375 252.928466796875
244.05712890625 84.54345703125 251.966796875
243.88818359375 0.0 253.05615234375
241.527099609375 0.0 251.6064453125
244.43701171875 0.809326171875 254.65771484375
245.260986328125 10.396728515625 251.392333984375
250.237548828125 61.7578125 237.77587890625
242.673828125 167.96630859375 222.914306640625
242.6630859375 41.8359375 253.814453125
247.172607421875 0.0 250.786865234375
236.744873046875 57.7734375 241.011962890625
235.983642578125 21.353759765625 252.256591796875
241.79736328125 0.933837890625 252.4228515625
242.51416015625 0.0 251.640869140625
243.85400390625 14.31884765625 251.2763671875
240.855712890625 1.7431640625 250.14111328125
232.13671875 0.62255859375 239.08447265625
222.330322265625 11.57958984375 224.6083984375
209.7080078125 45.69580078125 244.477783203125
238.19091796875 18.1787109375 250.579345703125
239.65576171875 0.0 252.24365234375
241.525634765625 0.0 251.314697265625
215.357177734375 0.0 239.1279296875
202.513916015625 0.0 210.911376953125
186.748291015625 0.0 173.673828125
254.178955078125 83.485107421875 247.370849609375
254.880615234375 0.0 245.98681640625
254.931396484375 0.0 245.0615234375
254.94189453125 0.0 240.85595703125
254.977294921875 0.0 241.564697265625
251.956298828125 0.0 243.82421875
247.2275390625 0.0 242.4951171875
252.1640625 0.0 231.043212890625
246.384033203125 0.0 240.6064453125
251.774169921875 20.855712890625 241.894775390625
251.75537109375 14.754638671875 241.10595703125
253.2705078125 11.268310546875 241.593017578125
247.56591796875 0.0 244.314697265625
253.253173828125 0.0 248.271728515625
250.2783203125 72.403564453125 247.9345703125
251.784423828125 38.287353515625 254.72216796875
249.71533203125 45.384521484375 252.62451171875
250.1123046875 0.0 254.439453125
245.1435546875 0.0 251.919921875
247.136474609375 0.0 251.87548828125
249.412109375 25.960693359375 245.7958984375
247.11181640625 96.99462890625 235.325439453125
243.428955078125 38.038330078125 252.795654296875
248.697998046875 21.1669921875 243.08837890625
237.443603515625 39.22119140625 247.005859375
235.822509765625 0.0 254.528564453125
245.7412109375 0.0 253.923828125
237.525146484375 0.0 250.33984375
240.364990234375 52.17041015625 250.928955078125
242.619384765625 5.416259765625 248.455078125
238.526123046875 19.984130859375 235.076171875
225.26318359375 17.244873046875 231.409423828125
200.34423828125 2.677001953125 252.917724609375
234.15771484375 31.190185546875 253.921142578125
239.10986328125 0.0 246.166259765625
238.00390625 0.0 240.66650390625
229.2646484375 0.0 247.74072265625
218.148681640625 0.0 243.57666015625
198.702880859375 0.0 204.400390625
191.708251953125 0.0 165.002685546875
253.9111328125 83.671875 247.00146484375
254.74609375 0.0 245.90576171875
254.858154296875 0.0 245.97705078125
254.805419921875 0.0 245.84130859375
254.958251953125 0.0 245.401611328125
254.909912109375 0.0 246.640380859375
246.861083984375 0.0 243.2392578125
254.080078125 0.0 245.06640625
245.2666015625 0.0 236.845458984375
252.960693359375 32.24853515625 241.837646484375
247.891845703125 62.0068359375 236.410888671875
251.16259765625 13.758544921875 243.022216796875
251.181640625 0.0 244.524658203125
250.987548828125 52.730712890625 245.84130859375
248.06591796875 55.220947265625 250.765380859375
246.31298828125 2.178955078125 251.0947265625
245.92431640625 0.0 252.3173828125
247.04052734375 0.0 251.639892578125
246.511474609375 15.6884765625 254.792236328125
246.315673828125 50.302734375 243.696044921875
243.614501953125 35.050048828125 241.285888671875
238.00537109375 21.6650390625 247.729248046875
245.77001953125 152.962646484375 226.70947265625
235.263916015625 46.629638671875 242.609375
236.209716796875 0.0 254.60107421875
245.563232421875 0.0 252.14453125
242.84521484375 0.0 253.677490234375
240.3349609375 0.0 254.685302734375
234.601318359375 0.0 253.12890625
231.320556640625 0.12451171875 232.535888671875
216.8759765625 12.94921875 235.6103515625
215.635009765625 42.0849609375 251.97900390625
244.073974609375 20.6689453125 253.135498046875
241.6259765625 16.622314453125 251.01513671875
235.43798828125 37.042236328125 248.2373046875
223.829345703125 0.0 250.28955078125
228.370849609375 0.0 249.183837890625
222.4716796875 0.0 240.234619140625
183.94970703125 0.0 212.78466796875
169.65869140625 0.0 170.226318359375
253.518310546875 83.671875 246.547607421875
254.6455078125 0.0 244.87060546875
254.798095703125 0.0 244.9658203125
254.790283203125 0.0 245.509033203125
254.881103515625 0.0 246.021240234375
254.802490234375 0.0 246.540283203125
251.07958984375 0.0 243.98974609375
249.369384765625 0.0 241.947998046875
247.44384765625 0.0 237.946533203125
247.891845703125 1.86767578125 243.663818359375
247.753173828125 2.7392578125 243.44677734375
251.388427734375 7.159423828125 246.548095703125
247.1162109375 58.209228515625 246.989501953125
245.983642578125 90.27099609375 252.2880859375
242.46875 0.0 253.628662109375
240.244384765625 0.0 253.836181640625
241.820556640625 0.0 253.48095703125
244.623291015625 1.431884765625 253.29833984375
248.32373046875 42.70751953125 243.684814453125
244.127197265625 82.177734375 250.9365234375
240.391357421875 18.739013671875 252.34326171875
245.657470703125 18.80126953125 250.84765625
242.345703125 61.5087890625 242.06298828125
241.269775390625 0.0 248.5859375
247.77490234375 0.0 250.091552734375
241.4150390625 0.0 249.589599609375
240.08935546875 4.669189453125 249.915771484375
243.851806640625 30.194091796875 247.533203125
237.615966796875 0.0 228.280517578125
221.3701171875 1.929931640625 230.3876953125
228.182373046875 19.05029296875 249.896240234375
242.97900390625 0.0 252.7763671875
246.2333984375 10.33447265625 245.925048828125
242.164306640625 14.630126953125 246.822021484375
230.2197265625 21.602783203125 252.932373046875
241.489501953125 1.7431640625 243.392578125
241.298095703125 0.0 232.031494140625
227.52587890625 0.0 233.443603515625
185.44482421875 0.0 218.998046875
143.02099609375 0.0 183.765625
253.809326171875 103.033447265625 242.500732421875
254.7041015625 1.12060546875 244.458740234375
254.73974609375 0.0 244.453125
254.748291015625 0.0 244.73193359375
254.861572265625 0.0 244.84521484375
254.819580078125 0.0 246.01953125
254.84521484375 0.0 245.3232421875
245.70849609375 0.0 238.72900390625
250.456787109375 0.0 241.103759765625
242.30078125 7.034912109375 231.2275390625
250.21826171875 50.67626953125 234.91943359375
250.414306640625 60.76171875 249.0078125
246.54638671875 51.67236328125 253.031494140625
244.294677734375 26.02294921875 254.146240234375
243.208740234375 0.0 254.33447265625
245.62646484375 0.0 251.35546875
247.585693359375 0.0 249.9892578125
248.466552734375 2.36572265625 252.685791015625
244.083251953125 74.4580078125 254.593017578125
244.9580078125 54.224853515625 253.173828125
245.452880859375 41.0888671875 251.02880859375
244.46875 90.146484375 242.546630859375
242.010009765625 20.04638671875 254.7177734375
248.917724609375 0.0 253.362548828125
239.021728515625 0.0 252.5771484375
242.4658203125 0.0 254.32080078125
238.48291015625 0.0 248.576904296875
230.478759765625 0.0 231.887451171875
210.864501953125 55.65673828125 240.07666015625
211.5546875 8.653564453125 254.247802734375
244.328125 28.575439453125 243.158447265625
248.661376953125 15.439453125 238.47314453125
236.323974609375 23.470458984375 243.695068359375
232.2529296875 7.906494140625 247.707275390625
240.3564453125 36.48193359375 247.696044921875
231.839599609375 32.99560546875 239.011474609375
212.845703125 1.929931640625 247.907470703125
206.74658203125 0.0 246.8076171875
210.572998046875 0.0 236.248046875
194.4150390625 0.0 185.095458984375
253.998779296875 116.41845703125 240.715576171875
253.145751953125 2.11669921875 243.298828125
254.669189453125 0.0 244.058349609375
254.81396484375 0.0 243.29638671875
254.921142578125 0.0 243.933837890625
254.837158203125 0.0 244.847412109375
254.83251953125 0.0 245.029296875
248.681884765625 0.0 238.321044921875
247.24853515625 22.28759765625 232.66357421875
240.943115234375 0.0 236.2763671875
243.7138671875 40.155029296875 244.21240234375
246.8916015625 100.3564453125 253.390380859375
245.908203125 0.0 252.57666015625
244.39697265625 22.1630859375 250.867919921875
246.026611328125 0.0 251.520751953125
246.039306640625 56.092529296875 247.1845703125
242.697998046875 9.151611328125 252.376220703125
248.675048828125 0.0 254.21240234375
247.79541015625 0.0 252.847900390625
242.959716796875 8.34228515625 254.74462890625
241.327880859375 28.948974609375 251.376220703125
239.576904296875 12.32666015625 250.976806640625
249.664794921875 0.0 254.4794921875
247.2890625 0.0 252.116943359375
243.37451171875 0.0 247.719970703125
242.53857421875 0.0 241.176025390625
243.86328125 7.408447265625 230.452392578125
212.674560546875 16.93359375 247.94140625
212.246826171875 45.5712890625 248.15478515625
241.537841796875 0.0 245.3896484375
226.547607421875 0.0 238.976806640625
216.7822265625 0.0 248.343994140625
230.0810546875 0.0 241.77685546875
239.093994140625 0.0 241.6337890625
235.990234375 0.0 248.25830078125
217.44189453125 0.0 254.4375
240.382568359375 0.0 247.07763671875
240.53857421875 0.0 248.98876953125
235.69287109375 0.0 246.340087890625
186.751708984375 0.0 188.98681640625
253.4443359375 83.29833984375 244.567626953125
254.519775390625 0.0 242.74072265625
254.871826171875 0.0 242.80712890625
254.84814453125 0.0 243.03857421875
254.96826171875 0.0 242.797119140625
254.9111328125 0.0 244.402099609375
254.91259765625 21.29150390625 240.740966796875
254.76611328125 7.470703125 241.544677734375
240.827880859375 0.0 234.7529296875
250.193115234375 0.0 242.888916015625
240.42138671875 30.380859375 238.301513671875
246.030517578125 0.0 240.58740234375
250.44775390625 0.0 236.44091796875
249.69677734375 0.0 233.37353515625
252.803466796875 74.893798828125 232.6142578125
250.435302734375 60.63720703125 239.8203125
251.9541015625 25.8984375 254.39306640625
250.236083984375 25.462646484375 253.9541015625
247.329345703125 1.680908203125 254.335693359375
247.333740234375 48.18603515625 246.89892578125
249.586181640625 0.0 254.864013671875
242.5986328125 0.0 251.38525390625
247.627685546875 0.0 250.947265625
244.53759765625 0.0 252.981689453125
236.652099609375 0.0 232.873046875
229.810302734375 12.886962890625 236.987060546875
210.31591796875 21.04248046875 254.216064453125
222.89453125 38.5986328125 246.6748046875
229.91748046875 11.2060546875 248.97021484375
234.186279296875 0.0 236.4404296875
216.3408203125 50.67626953125 248.702392578125
245.365478515625 0.0 252.376708984375
215.4453125 0.0 251.078125
220.264892578125 0.0 252.62060546875
230.08056640625 0.0 251.664306640625
230.740234375 0.0 253.06005859375
231.202880859375 0.0 252.140380859375
238.22119140625 0.0 252.42919921875
230.711669921875 0.0 246.722900390625
184.156494140625 0.0 184.843994140625
253.244873046875 95.811767578125 243.068115234375
254.59619140625 8.529052734375 240.182861328125
254.884521484375 0.0 241.5087890625
254.969482421875 0.0 240.89599609375
254.950439453125 0.0 241.117431640625
254.922607421875 0.0 241.8798828125
254.875 37.22900390625 236.90087890625
252.688232421875 0.0 241.591796875
244.56982421875 0.0 236.657958984375
245.417724609375 0.0 242.4287109375
240.125732421875 7.09716796875 239.1787109375
247.704345703125 16.373291015625 230.321044921875
251.018310546875 0.0 241.0537109375
250.742919921875 0.0 239.850830078125
245.260009765625 0.0 242.2685546875
239.85791015625 63.189697265625 230.85693359375
251.188720703125 18.55224609375 241.6044921875
251.522216796875 25.400390625 251.75537109375
249.421630859375 35.299072265625 249.28173828125
247.650390625 85.9130859375 240.95703125
248.937744140625 0.0 254.768798828125
244.609375 0.0 251.812744140625
242.264892578125 0.0 251.605224609375
244.0205078125 29.696044921875 229.551513671875
230.795166015625 0.99609375 236.29345703125
212.580810546875 0.0 251.1083984375
240.30615234375 0.0 253.931396484375
227.6337890625 23.719482421875 243.970947265625
241.1171875 0.0 243.3203125
211.70263671875 0.0 238.1943359375
238.76904296875 0.0 252.232666015625
241.03173828125 0.0 251.50244140625
244.512451171875 0.0 252.84619140625
247.780029296875 0.0 248.711669921875
245.343017578125 0.0 250.6767578125
239.968994140625 0.0 251.976318359375
226.138671875 0.0 251.6669921875
240.086669921875 0.0 251.334228515625
219.50244140625 0.0 247.801025390625
179.148193359375 0.0 182.66015625
251.9921875 81.368408203125 241.38671875
253.197998046875 50.67626953125 228.865966796875
254.42626953125 53.291015625 230.056640625
254.409912109375 0.0 237.8974609375
254.601806640625 0.0 233.407958984375
254.730712890625 0.0 236.912353515625
253.606201171875 0.0 239.097412109375
254.77685546875 0.0 238.707763671875
250.756103515625 0.0 233.4130859375
242.178466796875 0.0 232.566162109375
245.539794921875 0.0 234.06298828125
228.1630859375 42.83203125 218.29248046875
244.014892578125 7.906494140625 232.635498046875
245.136962890625 0.0 235.9921875
244.094482421875 0.0 233.6494140625
237.822509765625 0.0 238.9990234375
232.7099609375 2.98828125 241.026611328125
237.330322265625 3.486328125 252.917724609375
245.41943359375 93.8818359375 238.54638671875
241.504638671875 0.62255859375 250.340087890625
244.018798828125 0.0 249.238525390625
241.15087890625 0.0 249.86767578125
242.06201171875 0.0 241.5751953125
224.260498046875 27.392578125 230.63916015625
227.5966796875 0.0 238.291259765625
226.138671875 0.0 254.6181640625
239.642578125 0.0 252.066162109375
214.7421875 0.0 247.903564453125
220.438232421875 0.0 251.7880859375
213.907470703125 0.0 245.587646484375
240.275390625 0.0 245.35546875
246.90771484375 0.0 248.638427734375
239.90283203125 0.0 248.599609375
240.09521484375 0.0 250.93359375
241.09521484375 0.0 251.73681640625
242.412353515625 0.0 248.774658203125
241.578125 0.0 249.081298828125
244.1181640625 0.0 249.852294921875
244.6650390625 0.0 241.7607421875
178.2265625 0.0 184.297607421875
252.014892578125 79.6875 237.158935546875
253.89208984375 0.0 233.96923828125
250.584716796875 0.0 235.660400390625
250.939453125 0.0 235.156005859375
253.9404296875 0.0 230.575439453125
253.72802734375 0.0 233.73193359375
254.391357421875 0.0 235.59716796875
254.46630859375 0.0 230.260986328125
253.73876953125 0.0 233.849609375
239.474853515625 0.0 232.351806640625
235.5439453125 0.0 236.552978515625
226.925048828125 0.0 233.719970703125
223.96728515625 0.0 233.587890625
231.677490234375 0.0 232.9560546875
227.662353515625 0.0 234.220947265625
235.932373046875 0.0 238.442626953125
238.2177734375 0.0 242.753173828125
230.06103515625 1.431884765625 253.401611328125
238.752197265625 64.4970703125 243.10400390625
241.4521484375 0.0 254.3232421875
241.734375 0.0 249.591064453125
240.604248046875 0.0 248.47802734375
227.956787109375 0.0 238.849853515625
224.9326171875 0.0 239.71630859375
197.742431640625 0.0 247.184814453125
238.807861328125 0.0 253.47021484375
241.979736328125 0.0 246.617431640625
219.85498046875 0.0 253.1982421875
236.376220703125 0.0 244.345703125
221.6865234375 0.0 250.854248046875
241.7529296875 0.0 248.6279296875
240.033203125 0.0 244.383544921875
228.564697265625 0.0 242.61572265625
231.352783203125 0.0 248.46044921875
240.964599609375 0.0 250.129638671875
233.621826171875 0.0 251.336669921875
233.2021484375 0.0 251.036865234375
240.733154296875 0.0 246.34228515625
240.436279296875 0.0 235.02783203125
176.89111328125 0.0 181.980224609375
251.944091796875 79.6875 230.940185546875
253.047119140625 0.0 227.873779296875
253.7744140625 0.0 232.731201171875
254.016845703125 0.0 231.463134765625
253.459716796875 0.0 230.246826171875
253.376953125 0.0 229.61572265625
254.289306640625 0.0 229.2890625
253.7080078125 0.0 224.19482421875
254.063232421875 0.0 231.218505859375
244.525146484375 0.0 229.23681640625
238.202880859375 0.0 229.147705078125
238.336669921875 0.0 230.23095703125
234.82177734375 0.0 231.33447265625
236.668212890625 0.0 232.25390625
230.12255859375 0.0 232.268310546875
230.3349609375 0.0 235.489501953125
230.584228515625 0.0 248.771240234375
230.5400390625 0.0 253.998779296875
236.724853515625 0.0 254.5234375
238.31689453125 0.0 250.610595703125
240.468017578125 0.0 243.039794921875
234.0625 18.365478515625 227.73388671875
189.985107421875 0.0 252.16845703125
200.926025390625 0.0 254.089111328125
222.16650390625 0.0 249.39599609375
241.031494140625 0.0 249.00439453125
218.8349609375 0.0 246.1357421875
240.388916015625 0.0 252.15966796875
224.6865234375 0.0 250.06591796875
239.72265625 0.0 250.932861328125
220.5185546875 0.0 252.900390625
224.292236328125 0.0 253.182861328125
209.551513671875 0.0 245.880126953125
237.298828125 0.0 251.67431640625
234.054931640625 0.0 246.132568359375
237.787841796875 0.0 248.178466796875
242.580078125 0.0 249.874755859375
238.439697265625 0.0 252.286865234375
226.543701171875 0.0 231.062255859375
183.012451171875 0.0 164.970947265625
247.40380859375 79.6875 231.568603515625
250.696044921875 0.0 221.715087890625
252.1513671875 0.0 222.79052734375
253.566650390625 0.0 219.765869140625
253.528564453125 0.0 222.073974609375
253.339111328125 0.0 223.476318359375
252.46435546875 0.0 226.431884765625
250.20068359375 12.139892578125 221.61865234375
253.4423828125 0.0 225.679443359375
253.089111328125 0.0 225.170654296875
228.320556640625 0.0 221.76611328125
231.6552734375 0.0 226.525146484375
230.713623046875 0.0 235.7705078125
225.29150390625 0.0 231.438720703125
226.44580078125 0.0 233.609619140625
227.06298828125 0.0 248.67236328125
224.80419921875 0.0 252.333984375
227.233642578125 0.0 251.783935546875
231.434814453125 0.0 252.20703125
233.787841796875 0.0 253.123046875
225.839111328125 0.0 249.821533203125
203.968017578125 0.0 240.005859375
208.638427734375 0.0 253.873291015625
225.425048828125 0.0 251.9248046875
220.80224609375 0.0 249.16015625
227.584716796875 0.0 246.779296875
207.2578125 0.0 246.91162109375
239.21337890625 0.0 251.609130859375
226.35546875 0.0 243.692626953125
244.910888671875 0.0 249.1240234375
240.145263671875 0.0 251.869140625
243.509033203125 0.0 252.356689453125
210.01318359375 0.0 247.540283203125
226.1513671875 0.0 244.260986328125
236.351318359375 0.0 246.708984375
241.309326171875 0.0 249.18896484375
241.143310546875 0.0 243.33984375
245.091552734375 0.0 242.1044921875
244.812744140625 0.0 230.301025390625
192.1103515625 0.0 177.552001953125
