1280
2
208.4326171875 247.26171875
181.973876953125 245.947509765625
176.806640625 246.50927734375
171.826171875 242.310546875
169.273681640625 242.01513671875
163.421630859375 246.104736328125
158.441162109375 246.293212890625
152.091064453125 244.267822265625
146.55029296875 244.18603515625
141.756591796875 244.30908203125
137.7099609375 244.09521484375
132.10693359375 242.449462890625
127.935791015625 243.4365234375
121.959228515625 242.55908203125
117.2900390625 240.51953125
111.3134765625 236.850341796875
106.70654296875 239.827880859375
102.22412109375 241.935791015625
98.23974609375 244.9853515625
76.138916015625 249.71728515625
28.88671875 249.0869140625
81.4306640625 250.6201171875
76.636962890625 246.997314453125
71.905517578125 246.181884765625
89.461669921875 230.98974609375
156.324462890625 213.949462890625
56.092529296875 237.2978515625
49.991455078125 243.64453125
44.94873046875 243.011962890625
38.349609375 234.176025390625
32.933349609375 238.37890625
0.435791015625 248.388916015625
0.0 249.571533203125
0.0 249.2119140625
0.0 249.764404296875
0.0 240.135986328125
0.0 250.316162109375
0.0 250.94677734375
0.0 247.649169921875
0.0 218.558837890625
144.620361328125 235.32177734375
115.484619140625 226.92138671875
122.2705078125 230.80126953125
128.433837890625 234.845458984375
133.60107421875 233.4833984375
140.07568359375 236.6015625
145.05615234375 232.591064453125
152.40234375 223.279541015625
156.324462890625 234.420166015625
162.1142578125 230.027099609375
166.285400390625 240.12939453125
171.390380859375 234.30029296875
175.872802734375 233.64794921875
58.39599609375 234.2763671875
0.0 233.81494140625
0.0 233.921142578125
0.0 240.031494140625
0.0 246.8447265625
0.0 252.799560546875
0.0 254.451904296875
0.0 251.385986328125
0.0 243.027099609375
0.0 237.4560546875
0.87158203125 231.272705078125
117.352294921875 208.36376953125
25.52490234375 233.99072265625
0.0 251.944580078125
0.0 251.068603515625
0.0 248.746337890625
0.0 252.18896484375
0.0 250.74658203125
0.0 252.5771484375
0.0 250.966552734375
0.0 253.4736328125
0.0 252.183349609375
0.0 241.814453125
0.0 245.4033203125
0.0 245.744384765625
0.0 235.460205078125
0.0 216.489013671875
188.5107421875 235.511474609375
186.0205078125 229.923828125
180.791015625 229.091796875
174.68994140625 236.682373046875
169.0869140625 237.14111328125
162.550048828125 239.160888671875
157.00927734375 234.0498046875
150.78369140625 237.94873046875
145.367431640625 234.0869140625
140.013427734375 232.27880859375
133.85009765625 240.859375
128.558349609375 234.64208984375
123.14208984375 238.78466796875
39.034423828125 241.2294921875
0.0 238.59033203125
0.0 243.23583984375
0.0 252.669921875
0.0 253.119140625
0.0 252.416015625
0.0 247.397705078125
15.501708984375 235.91943359375
0.0 240.264404296875
94.00634765625 215.447021484375
162.861328125 207.286376953125
15.128173828125 233.370361328125
0.0 245.88232421875
0.0 254.1435546875
0.0 252.271240234375
0.0 251.956298828125
0.0 252.62353515625
0.0 253.827392578125
0.0 251.631591796875
0.0 251.363525390625
0.0 249.397216796875
0.0 253.55859375
0.0 246.528564453125
0.0 241.8427734375
0.0 252.311767578125
0.0 231.932373046875
0.0 213.72705078125
89.02587890625 243.485595703125
35.361328125 223.533203125
19.112548828125 236.67138671875
0.0 238.679443359375
0.0 240.85693359375
0.0 241.67333984375
0.0 232.09912109375
0.0 240.7001953125
0.0 239.444091796875
0.0 236.903076171875
0.0 238.283935546875
0.0 243.55810546875
0.0 247.015869140625
0.0 247.332763671875
0.0 251.68310546875
0.0 254.9580078125
0.0 252.631103515625
0.0 242.909423828125
0.0 241.521240234375
0.0 243.82177734375
0.0 245.221435546875
11.766357421875 236.782470703125
165.289306640625 214.600830078125
0.0 244.664794921875
0.0 246.250732421875
0.0 250.520263671875
0.0 249.30322265625
0.0 251.53271484375
0.0 251.906494140625
0.0 249.2138671875
0.0 244.87744140625
0.0 250.520263671875
0.0 249.05322265625
0.0 249.162841796875
0.0 252.437255859375
0.0 246.298828125
0.0 233.4072265625
0.0 247.4189453125
0.0 238.03369140625
0.0 207.750244140625
93.944091796875 235.01513671875
45.44677734375 212.653076171875
9.83642578125 227.749267578125
31.065673828125 221.62353515625
0.0 238.348876953125
0.0 235.869140625
0.0 241.414306640625
0.0 247.3515625
21.602783203125 243.751220703125
0.0 247.529052734375
0.0 248.53173828125
27.952880859375 250.28076171875
0.0 251.384521484375
0.0 251.37158203125
0.0 252.30126953125
0.0 248.49658203125
0.0 237.839599609375
0.0 239.046142578125
0.0 247.158203125
0.0 252.03173828125
0.0 248.542724609375
4.669189453125 239.011474609375
147.29736328125 215.22802734375
0.0 246.0751953125
0.0 248.1513671875
0.0 249.218505859375
0.0 251.64697265625
0.0 251.64501953125
0.0 246.293701171875
0.0 250.666748046875
0.0 244.663330078125
0.0 248.714111328125
0.0 245.9921875
0.0 247.585693359375
0.0 252.98876953125
0.0 246.44287109375
0.0 229.3564453125
0.0 249.7041015625
0.0 219.100830078125
0.0 189.700439453125
94.00634765625 242.792724609375
0.933837890625 232.035400390625
23.594970703125 214.619873046875
10.770263671875 227.151611328125
0.0 236.51904296875
0.0 238.958251953125
0.0 239.63671875
0.0 239.63916015625
0.0 238.710693359375
0.0 239.22119140625
0.0 245.384521484375
8.404541015625 242.8935546875
0.0 244.15625
0.0 236.79736328125
0.0 236.637451171875
0.0 237.772216796875
0.684814453125 238.09033203125
28.76220703125 243.248046875
4.295654296875 251.994140625
0.0 251.835693359375
0.0 235.08984375
0.0 231.43408203125
13.07373046875 220.104736328125
0.0 221.10205078125
0.0 224.94482421875
0.0 223.344482421875
0.0 235.491455078125
0.0 240.9169921875
0.0 235.760009765625
0.0 230.858642578125
0.0 238.087646484375
0.0 238.09228515625
0.0 237.826171875
0.0 240.615478515625
0.0 246.8994140625
0.0 244.85693359375
0.0 230.56982421875
0.0 223.0263671875
0.0 212.407470703125
0.0 214.138671875
85.352783203125 240.323486328125
0.0 241.671142578125
0.0 229.485107421875
0.0 239.9970703125
10.08544921875 243.574462890625
4.793701171875 242.58447265625
0.0 243.48583984375
0.0 243.95166015625
0.0 243.99658203125
0.0 246.201904296875
0.0 238.822265625
0.0 241.14697265625
0.0 243.191650390625
0.0 242.246337890625
0.0 244.98046875
0.0 245.4091796875
18.30322265625 251.576171875
10.95703125 250.11376953125
0.0 246.25732421875
0.0 245.802490234375
28.1396484375 245.360107421875
11.33056640625 250.64208984375
0.0 244.971435546875
0.0 248.960205078125
0.0 245.57958984375
0.0 239.645263671875
0.0 231.61376953125
0.0 226.82080078125
0.0 238.390625
0.0 247.7744140625
0.0 251.474853515625
0.0 250.47802734375
0.0 246.364501953125
0.0 249.3388671875
0.0 248.54443359375
0.0 236.03125
0.0 231.003662109375
0.0 223.26318359375
0.0 220.374267578125
0.0 201.39501953125
83.671875 246.159912109375
0.0 242.35791015625
0.0 234.004638671875
0.0 233.3857421875
73.026123046875 224.7724609375
37.291259765625 236.227783203125
35.050048828125 233.72314453125
2.303466796875 239.146240234375
0.0 240.158447265625
0.0 240.417724609375
0.0 240.695068359375
18.614501953125 246.14501953125
2.86376953125 248.411376953125
0.0 248.7861328125
17.05810546875 246.704833984375
0.0 252.85107421875
13.011474609375 246.709228515625
0.0 250.5830078125
0.0 250.11328125
0.0 252.972412109375
4.669189453125 248.00439453125
0.0 249.7880859375
0.0 245.0927734375
0.0 249.604736328125
10.521240234375 248.409912109375
3.61083984375 248.542236328125
0.0 244.072265625
0.0 241.247314453125
0.0 236.800537109375
0.0 242.905029296875
0.0 253.480224609375
0.0 249.641845703125
0.0 248.0205078125
8.7158203125 246.84228515625
0.0 240.945068359375
0.0 242.386474609375
0.0 249.925537109375
0.0 244.87451171875
0.0 210.504150390625
0.0 193.23681640625
83.671875 244.475341796875
39.0966796875 235.364013671875
16.248779296875 233.5517578125
16.497802734375 235.489013671875
38.536376953125 235.431640625
103.22021484375 228.136474609375
0.0 238.39013671875
18.30322265625 235.881591796875
0.0 245.170166015625
0.0 246.269287109375
0.0 246.897216796875
0.0 247.50146484375
26.1474609375 243.828125
20.91796875 249.572509765625
13.883056640625 249.874755859375
0.0 250.41943359375
0.0 250.085693359375
0.0 249.99853515625
0.0 250.284912109375
0.0 245.876220703125
0.0 248.266357421875
14.630126953125 245.451416015625
0.435791015625 250.62158203125
33.306884765625 239.085693359375
2.303466796875 244.974365234375
0.87158203125 245.5986328125
0.0 249.336181640625
0.0 249.89697265625
0.0 251.637451171875
0.0 233.175537109375
0.0 244.30029296875
0.0 248.769775390625
0.0 245.766845703125
2.61474609375 250.19482421875
0.0 230.87255859375
0.0 241.196044921875
0.0 250.736083984375
40.404052734375 247.322509765625
0.0 211.6689453125
0.0 190.68994140625
116.044921875 232.864990234375
147.421875 210.878662109375
0.498046875 232.339599609375
0.0 224.830078125
8.96484375 239.679931640625
16.435546875 243.185546875
0.0 243.16357421875
0.0 243.848388671875
0.0 245.55078125
0.0 246.9501953125
0.0 247.600341796875
0.0 248.51318359375
35.423583984375 249.6806640625
0.0 251.590576171875
0.0 246.575439453125
0.0 247.530029296875
0.0 251.4228515625
0.0 248.1748046875
0.0 251.60400390625
0.0 244.747802734375
0.0 242.62353515625
23.6572265625 240.35595703125
71.4697265625 229.707275390625
16.56005859375 247.44580078125
0.0 249.423583984375
0.0 250.16650390625
11.890869140625 245.686279296875
27.703857421875 247.10009765625
0.0 249.489013671875
0.0 244.02783203125
0.0 229.028564453125
0.0 229.51611328125
0.0 230.951904296875
0.0 231.21728515625
0.0 234.370361328125
0.0 227.264404296875
0.0 240.369873046875
0.0 230.056884765625
0.0 216.6435546875
0.0 179.161865234375
88.77685546875 214.3828125
28.76220703125 228.642578125
0.0 225.5419921875
0.0 226.97705078125
0.0 242.802001953125
0.0 241.09912109375
0.0 246.562744140625
0.0 246.9267578125
0.0 243.495849609375
0.0 247.095703125
0.0 243.63037109375
0.0 247.4609375
13.260498046875 245.452880859375
0.0 247.440185546875
0.0 245.883544921875
0.0 246.464111328125
0.0 250.4072265625
0.0 247.12939453125
0.0 245.502685546875
0.0 243.986328125
0.0 233.93310546875
0.0 244.35986328125
0.0 243.267578125
0.0 241.16748046875
0.0 248.348388671875
0.0 252.106201171875
0.0 254.31982421875
12.07763671875 251.711669921875
0.0 249.26025390625
31.812744140625 250.119140625
30.567626953125 252.416259765625
0.0 248.680908203125
0.0 249.859130859375
44.761962890625 248.80322265625
20.357666015625 245.651123046875
40.279541015625 248.290283203125
0.0 226.072998046875
0.0 221.254638671875
0.0 197.021240234375
0.0 165.34619140625
83.04931640625 235.84765625
0.0 235.582275390625
0.0 240.740234375
80.621337890625 193.5947265625
0.0 217.454345703125
0.0 245.242431640625
0.0 245.257568359375
0.0 244.987060546875
0.0 243.18017578125
0.0 242.7861328125
0.0 242.439453125
0.0 241.32177734375
0.0 243.076904296875
0.0 242.264892578125
0.0 248.585205078125
0.0 246.08544921875
0.0 245.96533203125
0.0 242.986328125
0.0 241.17919921875
0.0 246.920654296875
0.0 250.029052734375
0.0 243.08349609375
0.0 248.234619140625
0.0 251.015869140625
31.00341796875 253.935546875
0.0 254.752197265625
0.0 244.825927734375
19.486083984375 248.45068359375
0.0 252.3896484375
19.859619140625 251.301513671875
5.914306640625 253.056640625
43.20556640625 253.018798828125
0.0 240.951904296875
20.6689453125 240.151611328125
9.774169921875 251.5
7.2216796875 252.28173828125
19.6728515625 244.373046875
24.964599609375 232.66845703125
0.0 196.122802734375
0.0 184.748291015625
83.111572265625 244.221435546875
0.0 236.42724609375
0.0 239.01806640625
27.330322265625 212.178955078125
0.0 228.797607421875
0.0 242.416015625
0.0 242.791748046875
3.486328125 239.520263671875
10.7080078125 233.31787109375
0.186767578125 244.28076171875
131.85791015625 217.424072265625
107.640380859375 217.494873046875
5.60302734375 240.9912109375
0.0 246.98583984375
0.0 248.782958984375
0.0 247.281982421875
0.0 238.22900390625
15.81298828125 241.163818359375
0.0 250.104248046875
0.0 250.231689453125
0.0 243.7265625
0.0 243.0546875
0.0 250.0625
0.0 250.428955078125
0.0 252.298828125
13.82080078125 245.37841796875
0.0 247.7666015625
0.0 254.845703125
0.0 253.70556640625
0.0 252.1396484375
0.0 250.59033203125
0.0 240.179443359375
0.0 246.314208984375
0.0 254.658447265625
10.521240234375 250.413818359375
0.0 240.3984375
23.78173828125 243.68017578125
42.894287109375 245.401123046875
0.0 205.623779296875
0.0 175.2705078125
83.29833984375 245.4560546875
0.0 243.88427734375
0.0 236.493408203125
0.0 237.691162109375
0.0 237.36083984375
0.0 230.51171875
0.0 231.775390625
37.415771484375 233.968017578125
74.33349609375 222.90087890625
72.83935546875 230.5576171875
255.0 187.7861328125
253.13232421875 193.599365234375
55.15869140625 232.38525390625
0.0 248.219482421875
0.0 247.367431640625
0.0 236.921630859375
0.0 247.4443359375
0.0 245.861572265625
27.51708984375 244.177734375
151.904296875 220.211669921875
15.377197265625 238.168212890625
0.0 241.64404296875
0.0 245.478271484375
0.0 243.693603515625
16.871337890625 241.40087890625
6.10107421875 252.706298828125
0.0 253.050048828125
0.0 253.49365234375
0.0 246.96875
0.0 246.865234375
0.0 249.677001953125
0.0 250.76171875
0.0 248.409423828125
0.0 245.14208984375
16.31103515625 243.736328125
14.007568359375 251.953369140625
11.33056640625 248.84228515625
0.0 240.271240234375
0.0 199.477783203125
0.0 182.809814453125
83.609619140625 247.038818359375
0.0 245.06884765625
0.0 240.06884765625
0.0 238.155517578125
94.068603515625 209.3505859375
8.7158203125 225.27392578125
0.0 246.24267578125
0.0 246.811279296875
0.0 246.772705078125
117.91259765625 219.84912109375
255.0 190.183349609375
218.642578125 201.71142578125
61.88232421875 229.271240234375
0.0 240.915771484375
0.0 240.300048828125
0.0 247.3388671875
0.0 243.55615234375
0.0 240.59912109375
0.0 243.807861328125
7.34619140625 241.477783203125
2.427978515625 241.54638671875
0.498046875 235.10009765625
0.0 235.322998046875
0.0 239.427978515625
36.419677734375 241.18798828125
5.9765625 244.57373046875
0.0 245.28173828125
0.0 247.773193359375
0.0 246.7607421875
0.0 246.97216796875
0.0 248.237060546875
21.353759765625 245.096435546875
8.404541015625 250.072998046875
0.0 248.705322265625
6.038818359375 252.922607421875
79.81201171875 246.90283203125
6.474609375 251.417724609375
14.56787109375 227.814697265625
0.0 215.177490234375
0.0 181.693359375
83.671875 248.58056640625
0.0 246.451904296875
0.0 244.37353515625
0.0 239.873046875
88.963623046875 224.17919921875
15.439453125 229.070068359375
0.0 246.211669921875
0.0 246.716064453125
0.0 247.080810546875
17.120361328125 244.78173828125
197.288818359375 209.94921875
208.370361328125 197.5458984375
0.0 231.813232421875
0.0 232.32373046875
0.0 235.78662109375
0.0 239.13330078125
0.0 249.295166015625
0.0 247.858642578125
0.0 248.898193359375
0.186767578125 250.13037109375
38.411865234375 239.640380859375
4.295654296875 248.404541015625
0.0 250.305908203125
19.1748046875 246.957275390625
0.0 254.616943359375
0.0 252.471435546875
9.898681640625 249.051513671875
0.0 252.653076171875
0.0 251.775634765625
0.0 254.726318359375
0.0 252.36865234375
0.0 247.00927734375
4.544677734375 250.019287109375
22.598876953125 252.3515625
30.1318359375 248.695556640625
19.423828125 234.73583984375
17.244873046875 235.858154296875
0.0 219.577392578125
0.0 215.548095703125
0.0 173.71728515625
83.671875 248.59765625
0.0 248.348388671875
0.0 245.60498046875
0.0 240.572265625
0.0 246.480712890625
0.0 238.537841796875
0.0 239.3115234375
0.0 243.7138671875
0.0 244.3935546875
20.108642578125 241.998046875
20.29541015625 239.775634765625
90.52001953125 216.362060546875
56.217041015625 215.005126953125
39.781494140625 241.177001953125
0.0 248.302978515625
0.0 246.466796875
10.645751953125 247.285888671875
70.4736328125 251.549560546875
0.0 243.7568359375
15.626220703125 240.10986328125
67.85888671875 235.388916015625
0.0 248.71435546875
50.738525390625 249.52978515625
0.0 253.1875
0.0 254.742919921875
0.0 253.052734375
10.023193359375 251.761962890625
0.0 253.0712890625
0.0 250.04931640625
0.0 253.69873046875
16.6845703125 245.924072265625
0.0 249.06396484375
0.0 254.10107421875
95.99853515625 248.723876953125
87.4072265625 245.117919921875
35.423583984375 245.258544921875
0.0 231.37890625
0.0 219.8486328125
0.0 212.93212890625
0.0 178.907470703125
83.671875 247.556884765625
0.0 247.25
0.0 245.5556640625
0.0 243.22607421875
0.0 241.250732421875
0.0 243.887451171875
0.0 241.65185546875
0.0 246.161376953125
0.0 237.886474609375
19.423828125 233.001953125
0.0 242.379638671875
162.1142578125 213.963134765625
146.861572265625 206.14111328125
0.0 243.401611328125
0.0 245.442626953125
28.824462890625 247.841064453125
21.9140625 251.61328125
49.742431640625 242.058837890625
46.19384765625 239.456298828125
0.0 246.463623046875
20.606689453125 251.595458984375
60.0146484375 252.876953125
21.602783203125 252.93505859375
3.797607421875 245.406982421875
51.17431640625 239.85546875
100.418701171875 231.140869140625
11.455078125 251.943603515625
0.0 251.827880859375
33.1201171875 248.3642578125
51.796875 241.060302734375
73.58642578125 241.48095703125
0.0 252.266357421875
0.0 250.1337890625
2.926025390625 246.884765625
0.0 244.8095703125
0.0 237.12890625
13.011474609375 231.03515625
0.0 235.581787109375
0.0 209.123291015625
0.0 173.025390625
83.671875 247.669677734375
0.0 237.790771484375
0.0 232.973388671875
0.0 232.906494140625
0.0 228.890625
1.9921875 235.306640625
23.221435546875 224.917236328125
0.0 226.71435546875
8.902587890625 242.50732421875
2.677001953125 241.142333984375
0.0 237.1201171875
36.48193359375 230.753173828125
44.139404296875 231.994384765625
0.0 246.6142578125
0.0 246.281982421875
11.953125 244.464111328125
27.828369140625 243.763671875
23.28369140625 242.396728515625
19.05029296875 246.993408203125
72.71484375 250.7880859375
6.84814453125 249.24609375
0.0 245.461181640625
24.840087890625 246.2939453125
131.048583984375 234.36962890625
35.98388671875 247.098876953125
0.0 254.421875
0.0 251.9189453125
29.571533203125 242.27392578125
85.166015625 234.233642578125
26.89453125 253.028076171875
35.174560546875 249.552490234375
72.83935546875 253.37841796875
62.75390625 252.317626953125
19.486083984375 236.80126953125
12.762451171875 230.772216796875
0.0 238.08203125
71.71875 252.31005859375
0.0 235.79345703125
0.0 209.8916015625
0.0 170.70263671875
82.9248046875 238.67041015625
0.0 234.93603515625
0.0 236.874267578125
0.0 246.072998046875
0.0 243.726806640625
0.0 246.366455078125
19.54833984375 241.178955078125
0.0 243.508056640625
1.61865234375 239.33935546875
17.991943359375 239.54150390625
0.0 241.10498046875
0.0 240.319091796875
0.0 242.92236328125
0.0 243.27783203125
0.0 240.29931640625
0.0 237.594482421875
37.8515625 241.849853515625
0.0 248.951904296875
42.5830078125 248.98388671875
56.279296875 251.09619140625
101.47705078125 252.0771484375
24.77783203125 254.728759765625
119.967041015625 239.2763671875
178.612060546875 232.8681640625
58.458251953125 254.8505859375
3.299560546875 252.734130859375
63.189697265625 244.212890625
56.0302734375 247.759765625
0.0 254.20556640625
13.758544921875 251.489990234375
35.73486328125 249.170166015625
29.75830078125 245.556640625
16.31103515625 241.0771484375
0.435791015625 231.187744140625
73.83544921875 248.857177734375
19.984130859375 252.854248046875
21.04248046875 252.50244140625
0.0 231.373046875
0.0 218.54736328125
0.0 172.61572265625
83.671875 248.28369140625
0.0 246.517333984375
0.0 245.2412109375
0.0 245.31640625
0.0 246.391357421875
0.0 241.908935546875
0.0 244.5703125
0.0 236.3896484375
0.0 246.2685546875
45.509033203125 239.80517578125
0.0 247.671630859375
13.6962890625 242.401123046875
2.054443359375 245.822998046875
0.0 249.044921875
3.922119140625 249.416259765625
75.765380859375 252.928466796875
84.54345703125 251.966796875
0.0 253.05615234375
0.0 251.6064453125
0.809326171875 254.65771484375
10.396728515625 251.392333984375
61.7578125 237.77587890625
167.96630859375 222.914306640625
41.8359375 253.814453125
0.0 250.786865234375
57.7734375 241.011962890625
21.353759765625 252.256591796875
0.933837890625 252.4228515625
0.0 251.640869140625
14.31884765625 251.2763671875
1.7431640625 250.14111328125
0.62255859375 239.08447265625
11.57958984375 224.6083984375
45.69580078125 244.477783203125
18.1787109375 250.579345703125
0.0 252.24365234375
0.0 251.314697265625
0.0 239.1279296875
0.0 210.911376953125
0.0 173.673828125
83.485107421875 247.370849609375
0.0 245.98681640625
0.0 245.0615234375
0.0 240.85595703125
0.0 241.564697265625
0.0 243.82421875
0.0 242.4951171875
0.0 231.043212890625
0.0 240.6064453125
20.855712890625 241.894775390625
14.754638671875 241.10595703125
11.268310546875 241.593017578125
0.0 244.314697265625
0.0 248.271728515625
72.403564453125 247.9345703125
38.287353515625 254.72216796875
45.384521484375 252.62451171875
0.0 254.439453125
0.0 251.919921875
0.0 251.87548828125
25.960693359375 245.7958984375
96.99462890625 235.325439453125
38.038330078125 252.795654296875
21.1669921875 243.08837890625
39.22119140625 247.005859375
0.0 254.528564453125
0.0 253.923828125
0.0 250.33984375
52.17041015625 250.928955078125
5.416259765625 248.455078125
19.984130859375 235.076171875
17.244873046875 231.409423828125
2.677001953125 252.917724609375
31.190185546875 253.921142578125
0.0 246.166259765625
0.0 240.66650390625
0.0 247.74072265625
0.0 243.57666015625
0.0 204.400390625
0.0 165.002685546875
83.671875 247.00146484375
0.0 245.90576171875
0.0 245.97705078125
0.0 245.84130859375
0.0 245.401611328125
0.0 246.640380859375
0.0 243.2392578125
0.0 245.06640625
0.0 236.845458984375
32.24853515625 241.837646484375
62.0068359375 236.410888671875
13.758544921875 243.022216796875
0.0 244.524658203125
52.730712890625 245.84130859375
55.220947265625 250.765380859375
2.178955078125 251.0947265625
0.0 252.3173828125
0.0 251.639892578125
15.6884765625 254.792236328125
50.302734375 243.696044921875
35.050048828125 241.285888671875
21.6650390625 247.729248046875
152.962646484375 226.70947265625
46.629638671875 242.609375
0.0 254.60107421875
0.0 252.14453125
0.0 253.677490234375
0.0 254.685302734375
0.0 253.12890625
0.12451171875 232.535888671875
12.94921875 235.6103515625
42.0849609375 251.97900390625
20.6689453125 253.135498046875
16.622314453125 251.01513671875
37.042236328125 248.2373046875
0.0 250.28955078125
0.0 249.183837890625
0.0 240.234619140625
0.0 212.78466796875
0.0 170.226318359375
83.671875 246.547607421875
0.0 244.87060546875
0.0 244.9658203125
0.0 245.509033203125
0.0 246.021240234375
0.0 246.540283203125
0.0 243.98974609375
0.0 241.947998046875
0.0 237.946533203125
1.86767578125 243.663818359375
2.7392578125 243.44677734375
7.159423828125 246.548095703125
58.209228515625 246.989501953125
90.27099609375 252.2880859375
0.0 253.628662109375
0.0 253.836181640625
0.0 253.48095703125
1.431884765625 253.29833984375
42.70751953125 243.684814453125
82.177734375 250.9365234375
18.739013671875 252.34326171875
18.80126953125 250.84765625
61.5087890625 242.06298828125
0.0 248.5859375
0.0 250.091552734375
0.0 249.589599609375
4.669189453125 249.915771484375
30.194091796875 247.533203125
0.0 228.280517578125
1.929931640625 230.3876953125
19.05029296875 249.896240234375
0.0 252.7763671875
10.33447265625 245.925048828125
14.630126953125 246.822021484375
21.602783203125 252.932373046875
1.7431640625 243.392578125
0.0 232.031494140625
0.0 233.443603515625
0.0 218.998046875
0.0 183.765625
103.033447265625 242.500732421875
1.12060546875 244.458740234375
0.0 244.453125
0.0 244.73193359375
0.0 244.84521484375
0.0 246.01953125
0.0 245.3232421875
0.0 238.72900390625
0.0 241.103759765625
7.034912109375 231.2275390625
50.67626953125 234.91943359375
60.76171875 249.0078125
51.67236328125 253.031494140625
26.02294921875 254.146240234375
0.0 254.33447265625
0.0 251.35546875
0.0 249.9892578125
2.36572265625 252.685791015625
74.4580078125 254.593017578125
54.224853515625 253.173828125
41.0888671875 251.02880859375
90.146484375 242.546630859375
20.04638671875 254.7177734375
0.0 253.362548828125
0.0 252.5771484375
0.0 254.32080078125
0.0 248.576904296875
0.0 231.887451171875
55.65673828125 240.07666015625
8.653564453125 254.247802734375
28.575439453125 243.158447265625
15.439453125 238.47314453125
23.470458984375 243.695068359375
7.906494140625 247.707275390625
36.48193359375 247.696044921875
32.99560546875 239.011474609375
1.929931640625 247.907470703125
0.0 246.8076171875
0.0 236.248046875
0.0 185.095458984375
116.41845703125 240.715576171875
2.11669921875 243.298828125
0.0 244.058349609375
0.0 243.29638671875
0.0 243.933837890625
0.0 244.847412109375
0.0 245.029296875
0.0 238.321044921875
22.28759765625 232.66357421875
0.0 236.2763671875
40.155029296875 244.21240234375
100.3564453125 253.390380859375
0.0 252.57666015625
22.1630859375 250.867919921875
0.0 251.520751953125
56.092529296875 247.1845703125
9.151611328125 252.376220703125
0.0 254.21240234375
0.0 252.847900390625
8.34228515625 254.74462890625
28.948974609375 251.376220703125
12.32666015625 250.976806640625
0.0 254.4794921875
0.0 252.116943359375
0.0 247.719970703125
0.0 241.176025390625
7.408447265625 230.452392578125
16.93359375 247.94140625
45.5712890625 248.15478515625
0.0 245.3896484375
0.0 238.976806640625
0.0 248.343994140625
0.0 241.77685546875
0.0 241.6337890625
0.0 248.25830078125
0.0 254.4375
0.0 247.07763671875
0.0 248.98876953125
0.0 246.340087890625
0.0 188.98681640625
83.29833984375 244.567626953125
0.0 242.74072265625
0.0 242.80712890625
0.0 243.03857421875
0.0 242.797119140625
0.0 244.402099609375
21.29150390625 240.740966796875
7.470703125 241.544677734375
0.0 234.7529296875
0.0 242.888916015625
30.380859375 238.301513671875
0.0 240.58740234375
0.0 236.44091796875
0.0 233.37353515625
74.893798828125 232.6142578125
60.63720703125 239.8203125
25.8984375 254.39306640625
25.462646484375 253.9541015625
1.680908203125 254.335693359375
48.18603515625 246.89892578125
0.0 254.864013671875
0.0 251.38525390625
0.0 250.947265625
0.0 252.981689453125
0.0 232.873046875
12.886962890625 236.987060546875
21.04248046875 254.216064453125
38.5986328125 246.6748046875
11.2060546875 248.97021484375
0.0 236.4404296875
50.67626953125 248.702392578125
0.0 252.376708984375
0.0 251.078125
0.0 252.62060546875
0.0 251.664306640625
0.0 253.06005859375
0.0 252.140380859375
0.0 252.42919921875
0.0 246.722900390625
0.0 184.843994140625
95.811767578125 243.068115234375
8.529052734375 240.182861328125
0.0 241.5087890625
0.0 240.89599609375
0.0 241.117431640625
0.0 241.8798828125
37.22900390625 236.90087890625
0.0 241.591796875
0.0 236.657958984375
0.0 242.4287109375
7.09716796875 239.1787109375
16.373291015625 230.321044921875
0.0 241.0537109375
0.0 239.850830078125
0.0 242.2685546875
63.189697265625 230.85693359375
18.55224609375 241.6044921875
25.400390625 251.75537109375
35.299072265625 249.28173828125
85.9130859375 240.95703125
0.0 254.768798828125
0.0 251.812744140625
0.0 251.605224609375
29.696044921875 229.551513671875
0.99609375 236.29345703125
0.0 251.1083984375
0.0 253.931396484375
23.719482421875 243.970947265625
0.0 243.3203125
0.0 238.1943359375
0.0 252.232666015625
0.0 251.50244140625
0.0 252.84619140625
0.0 248.711669921875
0.0 250.6767578125
0.0 251.976318359375
0.0 251.6669921875
0.0 251.334228515625
0.0 247.801025390625
0.0 182.66015625
81.368408203125 241.38671875
50.67626953125 228.865966796875
53.291015625 230.056640625
0.0 237.8974609375
0.0 233.407958984375
0.0 236.912353515625
0.0 239.097412109375
0.0 238.707763671875
0.0 233.4130859375
0.0 232.566162109375
0.0 234.06298828125
42.83203125 218.29248046875
7.906494140625 232.635498046875
0.0 235.9921875
0.0 233.6494140625
0.0 238.9990234375
2.98828125 241.026611328125
3.486328125 252.917724609375
93.8818359375 238.54638671875
0.62255859375 250.340087890625
0.0 249.238525390625
0.0 249.86767578125
0.0 241.5751953125
27.392578125 230.63916015625
0.0 238.291259765625
0.0 254.6181640625
0.0 252.066162109375
0.0 247.903564453125
0.0 251.7880859375
0.0 245.587646484375
0.0 245.35546875
0.0 248.638427734375
0.0 248.599609375
0.0 250.93359375
0.0 251.73681640625
0.0 248.774658203125
0.0 249.081298828125
0.0 249.852294921875
0.0 241.7607421875
0.0 184.297607421875
79.6875 237.158935546875
0.0 233.96923828125
0.0 235.660400390625
0.0 235.156005859375
0.0 230.575439453125
0.0 233.73193359375
0.0 235.59716796875
0.0 230.260986328125
0.0 233.849609375
0.0 232.351806640625
0.0 236.552978515625
0.0 233.719970703125
0.0 233.587890625
0.0 232.9560546875
0.0 234.220947265625
0.0 238.442626953125
0.0 242.753173828125
1.431884765625 253.401611328125
64.4970703125 243.10400390625
0.0 254.3232421875
0.0 249.591064453125
0.0 248.47802734375
0.0 238.849853515625
0.0 239.71630859375
0.0 247.184814453125
0.0 253.47021484375
0.0 246.617431640625
0.0 253.1982421875
0.0 244.345703125
0.0 250.854248046875
0.0 248.6279296875
0.0 244.383544921875
0.0 242.61572265625
0.0 248.46044921875
0.0 250.129638671875
0.0 251.336669921875
0.0 251.036865234375
0.0 246.34228515625
0.0 235.02783203125
0.0 181.980224609375
79.6875 230.940185546875
0.0 227.873779296875
0.0 232.731201171875
0.0 231.463134765625
0.0 230.246826171875
0.0 229.61572265625
0.0 229.2890625
0.0 224.19482421875
0.0 231.218505859375
0.0 229.23681640625
0.0 229.147705078125
0.0 230.23095703125
0.0 231.33447265625
0.0 232.25390625
0.0 232.268310546875
0.0 235.489501953125
0.0 248.771240234375
0.0 253.998779296875
0.0 254.5234375
0.0 250.610595703125
0.0 243.039794921875
18.365478515625 227.73388671875
0.0 252.16845703125
0.0 254.089111328125
0.0 249.39599609375
0.0 249.00439453125
0.0 246.1357421875
0.0 252.15966796875
0.0 250.06591796875
0.0 250.932861328125
0.0 252.900390625
0.0 253.182861328125
0.0 245.880126953125
0.0 251.67431640625
0.0 246.132568359375
0.0 248.178466796875
0.0 249.874755859375
0.0 252.286865234375
0.0 231.062255859375
0.0 164.970947265625
79.6875 231.568603515625
0.0 221.715087890625
0.0 222.79052734375
0.0 219.765869140625
0.0 222.073974609375
0.0 223.476318359375
0.0 226.431884765625
12.139892578125 221.61865234375
0.0 225.679443359375
0.0 225.170654296875
0.0 221.76611328125
0.0 226.525146484375
0.0 235.7705078125
0.0 231.438720703125
0.0 233.609619140625
0.0 248.67236328125
0.0 252.333984375
0.0 251.783935546875
0.0 252.20703125
0.0 253.123046875
0.0 249.821533203125
0.0 240.005859375
0.0 253.873291015625
0.0 251.9248046875
0.0 249.16015625
0.0 246.779296875
0.0 246.91162109375
0.0 251.609130859375
0.0 243.692626953125
0.0 249.1240234375
0.0 251.869140625
0.0 252.356689453125
0.0 247.540283203125
0.0 244.260986328125
0.0 246.708984375
0.0 249.18896484375
0.0 243.33984375
0.0 242.1044921875
0.0 230.301025390625
0.0 177.552001953125
