249.34033203125
249.394775390625
249.081787109375
251.822998046875
251.14013671875
246.76806640625
253.520751953125
253.01171875
250.883544921875
253.18017578125
251.7890625
253.236572265625
252.134765625
253.269287109375
253.250244140625
250.86083984375
251.045166015625
253.32080078125
247.431640625
241.674072265625
244.235107421875
242.19580078125
252.2880859375
253.336669921875
253.203857421875
234.76416015625
251.662841796875
253.77880859375
253.672607421875
252.538330078125
253.071044921875
253.957763671875
253.856201171875
254.904052734375
254.90185546875
248.469482421875
253.735595703125
254.29248046875
254.9033203125
241.998291015625
252.8076171875
243.0654296875
236.401123046875
236.573486328125
233.112548828125
234.391845703125
233.09033203125
238.006103515625
227.813720703125
228.34716796875
232.77587890625
229.669677734375
235.01220703125
237.0205078125
253.173095703125
250.94482421875
251.644287109375
245.908935546875
243.9521484375
246.95166015625
248.439697265625
242.43115234375
248.91845703125
250.698486328125
242.875732421875
245.708740234375
254.383056640625
253.2568359375
253.50439453125
254.9970703125
254.912353515625
254.745361328125
255.0
254.99609375
253.543212890625
250.12451171875
251.009765625
252.92919921875
254.690673828125
239.05322265625
254.23828125
249.161376953125
250.42626953125
248.952880859375
250.804931640625
251.07177734375
251.80126953125
251.28125
249.86083984375
249.30712890625
249.53369140625
250.24951171875
251.31640625
252.7314453125
254.0244140625
243.041015625
242.966796875
246.992919921875
242.645263671875
245.2998046875
236.9755859375
237.454345703125
231.189453125
224.837158203125
239.455810546875
253.859130859375
254.87841796875
253.834228515625
253.62451171875
254.9921875
254.98291015625
254.2978515625
253.444091796875
253.8125
252.718994140625
249.746337890625
239.510009765625
242.52490234375
224.114501953125
212.91796875
254.071044921875
253.181396484375
245.7646484375
252.597412109375
250.768798828125
252.927001953125
252.06591796875
250.60009765625
254.45849609375
253.932373046875
253.464111328125
253.314697265625
254.997314453125
252.25634765625
244.39599609375
244.367431640625
246.79052734375
244.326904296875
241.69384765625
236.2431640625
241.891845703125
239.89892578125
219.787841796875
240.897705078125
242.59619140625
247.020263671875
249.9130859375
254.0478515625
254.5263671875
253.663818359375
253.462158203125
254.238037109375
253.488037109375
252.591064453125
242.25244140625
229.005126953125
228.8095703125
219.5546875
229.14453125
204.268310546875
252.158203125
247.889892578125
245.09521484375
245.308349609375
245.14404296875
252.254150390625
252.76171875
254.97998046875
254.982421875
253.240478515625
254.9658203125
254.94873046875
250.396240234375
244.67724609375
245.380615234375
244.762451171875
235.8955078125
241.82421875
246.11767578125
247.2099609375
244.060791015625
232.264892578125
221.016357421875
238.735595703125
244.806640625
241.541748046875
248.03173828125
254.8271484375
253.371826171875
254.45703125
253.176025390625
254.3935546875
252.741943359375
237.16796875
244.0419921875
235.661376953125
216.427734375
242.426025390625
210.656005859375
161.324951171875
254.041748046875
250.5419921875
250.145751953125
246.089111328125
251.168701171875
252.500732421875
251.8525390625
249.4150390625
247.677001953125
248.50390625
245.992431640625
247.876220703125
239.449462890625
238.71484375
234.56591796875
234.36669921875
238.935791015625
238.14208984375
245.473876953125
243.149169921875
232.4501953125
231.421142578125
229.31591796875
209.416748046875
227.417724609375
230.577880859375
249.0654296875
252.0166015625
250.287109375
248.941162109375
250.5478515625
249.7666015625
235.1220703125
232.938232421875
237.583740234375
236.94775390625
220.926025390625
206.3349609375
203.398193359375
210.142822265625
253.7861328125
247.575439453125
241.028564453125
241.043701171875
253.118896484375
251.662353515625
243.466064453125
245.767822265625
244.232177734375
245.054443359375
245.97998046875
246.6669921875
241.688232421875
244.556396484375
244.241455078125
248.12255859375
244.87939453125
247.470458984375
238.09765625
236.911865234375
236.37548828125
241.8896484375
243.439453125
239.108154296875
247.775390625
242.86328125
236.583251953125
237.54248046875
247.07421875
251.896484375
252.723388671875
250.80712890625
240.4375
233.86572265625
234.61669921875
225.560546875
196.8681640625
206.16259765625
239.171142578125
195.14306640625
253.60400390625
247.0224609375
244.127197265625
239.650146484375
241.46533203125
235.787109375
245.825927734375
238.46875
241.26171875
239.181884765625
240.810791015625
237.954345703125
245.4794921875
251.045654296875
247.324951171875
250.87451171875
247.30029296875
246.349853515625
242.36181640625
245.845458984375
246.896484375
247.2431640625
242.0458984375
243.7626953125
244.7998046875
244.459716796875
245.074462890625
241.76513671875
235.5146484375
250.008056640625
254.460205078125
245.058349609375
241.812255859375
243.627685546875
235.802734375
211.154052734375
235.867431640625
229.831298828125
220.19970703125
190.268798828125
253.733154296875
242.05615234375
239.955078125
238.903564453125
238.2841796875
238.21923828125
237.382568359375
240.4453125
242.92138671875
245.196044921875
249.3623046875
250.675048828125
250.01025390625
246.630615234375
247.08203125
245.641845703125
244.54052734375
242.3701171875
246.34130859375
243.41748046875
247.73828125
244.65576171875
243.365966796875
237.635986328125
238.842041015625
238.219970703125
247.691650390625
243.538818359375
247.439208984375
236.16748046875
245.97900390625
245.361083984375
214.197265625
238.964111328125
203.19189453125
233.123291015625
245.533447265625
244.58642578125
216.794677734375
206.809326171875
251.897705078125
241.521484375
235.798828125
240.289306640625
229.87548828125
243.636474609375
249.282958984375
248.83837890625
242.16650390625
250.036376953125
252.002685546875
251.569580078125
250.763916015625
245.582763671875
245.35205078125
247.62890625
245.60986328125
248.88427734375
247.17236328125
245.550537109375
244.9208984375
241.632568359375
239.484130859375
239.661865234375
245.3818359375
238.59814453125
235.978271484375
243.32666015625
240.134765625
223.546875
192.926025390625
199.51171875
197.484375
199.471923828125
185.375732421875
200.876708984375
228.478515625
241.968017578125
215.972412109375
194.021728515625
252.927978515625
237.313232421875
240.346923828125
242.761962890625
241.633544921875
247.386474609375
247.93603515625
252.681396484375
250.116943359375
248.771728515625
250.606201171875
248.895263671875
246.4072265625
245.176025390625
245.2529296875
247.534423828125
249.06494140625
248.697265625
249.422119140625
249.319580078125
235.125244140625
235.5927734375
241.31396484375
245.461181640625
241.7958984375
245.541015625
245.9248046875
236.94140625
237.843017578125
230.5986328125
240.274169921875
213.680908203125
216.6943359375
225.8427734375
234.3544921875
227.92236328125
207.97509765625
204.08837890625
192.584716796875
163.951171875
253.205322265625
249.427490234375
244.3125
249.591552734375
233.572021484375
235.4091796875
250.625732421875
253.155029296875
251.537109375
245.875
246.637451171875
246.884521484375
250.342041015625
246.36669921875
248.96533203125
250.4462890625
249.87255859375
246.802001953125
244.3759765625
239.656494140625
237.06396484375
242.73974609375
242.919921875
247.5478515625
249.147705078125
246.05615234375
244.995361328125
243.439697265625
246.147216796875
241.50146484375
234.739013671875
243.97021484375
229.400390625
220.999755859375
235.058837890625
231.968994140625
233.8212890625
235.267822265625
175.01708984375
152.617919921875
253.202880859375
253.56982421875
244.309814453125
251.964599609375
245.198974609375
246.294189453125
252.104248046875
253.007080078125
253.31396484375
252.02734375
249.3544921875
246.682861328125
247.162841796875
246.3095703125
252.260498046875
250.73095703125
245.7275390625
236.552490234375
242.999755859375
249.214599609375
248.055908203125
239.939697265625
247.78369140625
250.3681640625
248.064208984375
247.6103515625
240.3466796875
246.506591796875
243.044677734375
238.623291015625
246.250244140625
236.7255859375
219.696044921875
228.231201171875
242.494873046875
227.1455078125
213.582275390625
221.5634765625
190.392822265625
170.23388671875
253.80517578125
254.30908203125
246.772705078125
249.404296875
245.16015625
236.010009765625
237.65673828125
246.503173828125
242.86181640625
245.579833984375
248.010009765625
245.8681640625
242.17822265625
250.65625
248.8876953125
246.565673828125
239.016845703125
246.01123046875
245.847900390625
238.755859375
237.880126953125
242.52734375
246.6845703125
246.275390625
242.80615234375
243.744873046875
242.731689453125
245.98486328125
244.08154296875
239.1435546875
225.2939453125
217.711669921875
229.8525390625
243.2529296875
221.447509765625
212.986328125
228.47265625
234.3818359375
187.5400390625
177.6767578125
254.14501953125
254.87109375
254.58740234375
244.9853515625
247.443603515625
242.843017578125
248.031005859375
252.759033203125
252.513671875
250.696044921875
246.67626953125
246.840087890625
242.85302734375
241.458984375
239.70166015625
244.079345703125
249.89599609375
247.68701171875
250.572021484375
246.93408203125
243.140625
240.02001953125
239.4140625
239.22607421875
242.065673828125
245.372314453125
241.61865234375
246.19921875
241.33056640625
212.88037109375
229.78466796875
232.64306640625
232.997314453125
223.680908203125
230.1767578125
235.84033203125
238.919921875
219.7490234375
184.513916015625
199.73828125
254.044189453125
254.80615234375
254.739990234375
245.63720703125
244.896484375
246.375244140625
243.005126953125
252.93896484375
252.136962890625
252.209228515625
249.01220703125
243.0576171875
237.160400390625
241.209716796875
241.873046875
245.655029296875
243.003662109375
244.742431640625
238.65966796875
245.044677734375
243.2861328125
232.820556640625
240.95751953125
238.6904296875
243.111572265625
235.025390625
238.035400390625
242.2177734375
222.0869140625
226.254150390625
244.33251953125
242.2578125
225.6611328125
236.865478515625
236.97412109375
233.163818359375
235.811279296875
213.56298828125
187.528076171875
173.582275390625
254.078125
254.853759765625
254.755126953125
251.902587890625
249.126708984375
249.330810546875
246.501953125
251.63330078125
250.246337890625
251.336669921875
249.8271484375
248.6220703125
235.612060546875
236.992919921875
240.20751953125
245.48193359375
246.630615234375
247.595947265625
251.8486328125
248.44287109375
237.34375
250.359375
252.501708984375
249.074462890625
248.58056640625
250.94921875
248.383056640625
245.471923828125
243.055908203125
239.69091796875
243.657958984375
228.31591796875
237.47705078125
243.878662109375
239.534912109375
230.792236328125
234.406982421875
201.233154296875
190.107421875
174.82421875
254.143798828125
254.915771484375
254.81103515625
254.946533203125
245.940673828125
252.278076171875
245.495361328125
251.52880859375
252.833740234375
244.848876953125
241.587890625
242.8359375
248.35693359375
244.362548828125
252.989013671875
246.765625
246.013916015625
247.15869140625
247.014404296875
246.1357421875
245.762451171875
249.596923828125
246.246826171875
244.382568359375
249.330322265625
239.68505859375
244.2626953125
239.078125
245.3427734375
243.4755859375
218.43505859375
245.488037109375
234.240234375
232.09716796875
227.132568359375
229.123779296875
218.63916015625
204.491943359375
203.634765625
191.50341796875
253.937255859375
254.717041015625
254.903076171875
254.868408203125
247.0556640625
240.54833984375
235.786376953125
242.317138671875
243.636474609375
249.574951171875
248.63134765625
250.539794921875
247.728515625
243.95068359375
244.1005859375
243.12890625
246.65673828125
238.3720703125
238.720947265625
249.042236328125
253.1162109375
249.653564453125
248.758544921875
234.35009765625
232.286865234375
237.689453125
239.291015625
241.644775390625
234.205810546875
225.3740234375
235.285400390625
237.6982421875
241.927001953125
235.0419921875
237.893798828125
220.306396484375
228.680908203125
222.5283203125
206.290283203125
173.527587890625
249.886474609375
250.17138671875
247.452880859375
248.718505859375
249.386962890625
238.8701171875
237.617431640625
238.420654296875
247.173828125
244.80908203125
244.55517578125
244.522216796875
248.9228515625
251.484619140625
252.90185546875
250.157958984375
245.44970703125
249.070556640625
248.31591796875
245.304931640625
243.108642578125
240.361328125
239.850341796875
235.597412109375
231.3759765625
247.09521484375
244.512451171875
228.07861328125
232.32861328125
238.277099609375
237.30517578125
231.15478515625
237.48876953125
214.110595703125
206.212158203125
225.73193359375
235.5498046875
217.94921875
188.35888671875
180.552490234375
253.983154296875
254.93212890625
254.7568359375
254.95849609375
254.94970703125
246.445068359375
250.379638671875
243.814453125
250.940185546875
246.968505859375
251.795166015625
245.3818359375
244.858154296875
247.6328125
247.370849609375
245.756103515625
244.05712890625
243.88818359375
241.527099609375
244.43701171875
245.260986328125
250.237548828125
242.673828125
242.6630859375
247.172607421875
236.744873046875
235.983642578125
241.79736328125
242.51416015625
243.85400390625
240.855712890625
232.13671875
222.330322265625
209.7080078125
238.19091796875
239.65576171875
241.525634765625
215.357177734375
202.513916015625
186.748291015625
254.178955078125
254.880615234375
254.931396484375
254.94189453125
254.977294921875
251.956298828125
247.2275390625
252.1640625
246.384033203125
251.774169921875
251.75537109375
253.2705078125
247.56591796875
253.253173828125
250.2783203125
251.784423828125
249.71533203125
250.1123046875
245.1435546875
247.136474609375
249.412109375
247.11181640625
243.428955078125
248.697998046875
237.443603515625
235.822509765625
245.7412109375
237.525146484375
240.364990234375
242.619384765625
238.526123046875
225.26318359375
200.34423828125
234.15771484375
239.10986328125
238.00390625
229.2646484375
218.148681640625
198.702880859375
191.708251953125
253.9111328125
254.74609375
254.858154296875
254.805419921875
254.958251953125
254.909912109375
246.861083984375
254.080078125
245.2666015625
252.960693359375
247.891845703125
251.16259765625
251.181640625
250.987548828125
248.06591796875
246.31298828125
245.92431640625
247.04052734375
246.511474609375
246.315673828125
243.614501953125
238.00537109375
245.77001953125
235.263916015625
236.209716796875
245.563232421875
242.84521484375
240.3349609375
234.601318359375
231.320556640625
216.8759765625
215.635009765625
244.073974609375
241.6259765625
235.43798828125
223.829345703125
228.370849609375
222.4716796875
183.94970703125
169.65869140625
253.518310546875
254.6455078125
254.798095703125
254.790283203125
254.881103515625
254.802490234375
251.07958984375
249.369384765625
247.44384765625
247.891845703125
247.753173828125
251.388427734375
247.1162109375
245.983642578125
242.46875
240.244384765625
241.820556640625
244.623291015625
248.32373046875
244.127197265625
240.391357421875
245.657470703125
242.345703125
241.269775390625
247.77490234375
241.4150390625
240.08935546875
243.851806640625
237.615966796875
221.3701171875
228.182373046875
242.97900390625
246.2333984375
242.164306640625
230.2197265625
241.489501953125
241.298095703125
227.52587890625
185.44482421875
143.02099609375
253.809326171875
254.7041015625
254.73974609375
254.748291015625
254.861572265625
254.819580078125
254.84521484375
245.70849609375
250.456787109375
242.30078125
250.21826171875
250.414306640625
246.54638671875
244.294677734375
243.208740234375
245.62646484375
247.585693359375
248.466552734375
244.083251953125
244.9580078125
245.452880859375
244.46875
242.010009765625
248.917724609375
239.021728515625
242.4658203125
238.48291015625
230.478759765625
210.864501953125
211.5546875
244.328125
248.661376953125
236.323974609375
232.2529296875
240.3564453125
231.839599609375
212.845703125
206.74658203125
210.572998046875
194.4150390625
253.998779296875
253.145751953125
254.669189453125
254.81396484375
254.921142578125
254.837158203125
254.83251953125
248.681884765625
247.24853515625
240.943115234375
243.7138671875
246.8916015625
245.908203125
244.39697265625
246.026611328125
246.039306640625
242.697998046875
248.675048828125
247.79541015625
242.959716796875
241.327880859375
239.576904296875
249.664794921875
247.2890625
243.37451171875
242.53857421875
243.86328125
212.674560546875
212.246826171875
241.537841796875
226.547607421875
216.7822265625
230.0810546875
239.093994140625
235.990234375
217.44189453125
240.382568359375
240.53857421875
235.69287109375
186.751708984375
253.4443359375
254.519775390625
254.871826171875
254.84814453125
254.96826171875
254.9111328125
254.91259765625
254.76611328125
240.827880859375
250.193115234375
240.42138671875
246.030517578125
250.44775390625
249.69677734375
252.803466796875
250.435302734375
251.9541015625
250.236083984375
247.329345703125
247.333740234375
249.586181640625
242.5986328125
247.627685546875
244.53759765625
236.652099609375
229.810302734375
210.31591796875
222.89453125
229.91748046875
234.186279296875
216.3408203125
245.365478515625
215.4453125
220.264892578125
230.08056640625
230.740234375
231.202880859375
238.22119140625
230.711669921875
184.156494140625
253.244873046875
254.59619140625
254.884521484375
254.969482421875
254.950439453125
254.922607421875
254.875
252.688232421875
244.56982421875
245.417724609375
240.125732421875
247.704345703125
251.018310546875
250.742919921875
245.260009765625
239.85791015625
251.188720703125
251.522216796875
249.421630859375
247.650390625
248.937744140625
244.609375
242.264892578125
244.0205078125
230.795166015625
212.580810546875
240.30615234375
227.6337890625
241.1171875
211.70263671875
238.76904296875
241.03173828125
244.512451171875
247.780029296875
245.343017578125
239.968994140625
226.138671875
240.086669921875
219.50244140625
179.148193359375
251.9921875
253.197998046875
254.42626953125
254.409912109375
254.601806640625
254.730712890625
253.606201171875
254.77685546875
250.756103515625
242.178466796875
245.539794921875
228.1630859375
244.014892578125
245.136962890625
244.094482421875
237.822509765625
232.7099609375
237.330322265625
245.41943359375
241.504638671875
244.018798828125
241.15087890625
242.06201171875
224.260498046875
227.5966796875
226.138671875
239.642578125
214.7421875
220.438232421875
213.907470703125
240.275390625
246.90771484375
239.90283203125
240.09521484375
241.09521484375
242.412353515625
241.578125
244.1181640625
244.6650390625
178.2265625
252.014892578125
253.89208984375
250.584716796875
250.939453125
253.9404296875
253.72802734375
254.391357421875
254.46630859375
253.73876953125
239.474853515625
235.5439453125
226.925048828125
223.96728515625
231.677490234375
227.662353515625
235.932373046875
238.2177734375
230.06103515625
238.752197265625
241.4521484375
241.734375
240.604248046875
227.956787109375
224.9326171875
197.742431640625
238.807861328125
241.979736328125
219.85498046875
236.376220703125
221.6865234375
241.7529296875
240.033203125
228.564697265625
231.352783203125
240.964599609375
233.621826171875
233.2021484375
240.733154296875
240.436279296875
176.89111328125
251.944091796875
253.047119140625
253.7744140625
254.016845703125
253.459716796875
253.376953125
254.289306640625
253.7080078125
254.063232421875
244.525146484375
238.202880859375
238.336669921875
234.82177734375
236.668212890625
230.12255859375
230.3349609375
230.584228515625
230.5400390625
236.724853515625
238.31689453125
240.468017578125
234.0625
189.985107421875
200.926025390625
222.16650390625
241.031494140625
218.8349609375
240.388916015625
224.6865234375
239.72265625
220.5185546875
224.292236328125
209.551513671875
237.298828125
234.054931640625
237.787841796875
242.580078125
238.439697265625
226.543701171875
183.012451171875
247.40380859375
250.696044921875
252.1513671875
253.566650390625
253.528564453125
253.339111328125
252.46435546875
250.20068359375
253.4423828125
253.089111328125
228.320556640625
231.6552734375
230.713623046875
225.29150390625
226.44580078125
227.06298828125
224.80419921875
227.233642578125
231.434814453125
233.787841796875
225.839111328125
203.968017578125
208.638427734375
225.425048828125
220.80224609375
227.584716796875
207.2578125
239.21337890625
226.35546875
244.910888671875
240.145263671875
243.509033203125
210.01318359375
226.1513671875
236.351318359375
241.309326171875
241.143310546875
245.091552734375
244.812744140625
192.1103515625
